-180.0	0.0060000266	0.0060000126	0.0060000224	0.006000015	0.0060000215	0.0060000219	0.0060000229
-179.0	0.0065219849	0.006521971	0.0065219807	0.0065219733	0.0065219798	0.0065219803	0.0065219812
-178.0	0.008086158	0.0080861449	0.0080861542	0.0080861468	0.0080861533	0.0080861533	0.0080861542
-177.0	0.010689044	0.010689033	0.010689042	0.010689035	0.010689041	0.010689041	0.010689042
-176.0	0.014325885	0.014325876	0.014325882	0.014325877	0.014325881	0.014325881	0.014325882
-175.0	0.018990668	0.01899066	0.018990666	0.018990662	0.018990664	0.018990664	0.018990666
-174.0	0.024676139	0.024676135	0.024676137	0.024676135	0.024676137	0.024676137	0.024676137
-173.0	0.031373817	0.031373817	0.031373817	0.031373817	0.031373817	0.031373817	0.031373817
-172.0	0.039074007	0.039074015	0.039074007	0.039074011	0.039074007	0.039074007	0.039074007
-171.0	0.047765806	0.047765821	0.04776581	0.047765817	0.047765814	0.04776581	0.04776581
-170.0	0.057437137	0.057437159	0.05743714	0.057437155	0.057437144	0.057437144	0.05743714
-169.0	0.06807474	0.06807477	0.068074748	0.068074763	0.068074748	0.068074748	0.068074748
-168.0	0.079664215	0.07966426	0.07966423	0.079664253	0.07966423	0.07966423	0.079664223
-167.0	0.092190035	0.092190087	0.09219005	0.092190079	0.092190057	0.09219005	0.09219005
-166.0	0.10563556	0.10563563	0.10563558	0.10563561	0.10563558	0.10563558	0.10563558
-165.0	0.11998306	0.11998314	0.11998308	0.11998313	0.11998309	0.11998308	0.11998308
-164.0	0.13521376	0.13521385	0.13521379	0.13521384	0.13521379	0.13521379	0.13521379
-163.0	0.15130784	0.15130794	0.15130787	0.15130793	0.15130787	0.15130787	0.15130787
-162.0	0.16824445	0.16824457	0.16824448	0.16824456	0.1682445	0.16824448	0.16824448
-161.0	0.18600179	0.18600194	0.18600182	0.18600191	0.18600184	0.18600184	0.18600182
-160.0	0.20455708	0.20455725	0.20455712	0.20455723	0.20455714	0.20455714	0.20455712
-159.0	0.22388664	0.22388685	0.2238867	0.2238868	0.22388671	0.2238867	0.2238867
-158.0	0.24396588	0.2439661	0.24396594	0.24396606	0.24396595	0.24396594	0.24396594
-157.0	0.26476935	0.26476958	0.26476941	0.26476955	0.26476943	0.26476941	0.26476941
-156.0	0.28627074	0.28627101	0.2862708	0.28627098	0.28627083	0.28627083	0.2862708
-155.0	0.30844301	0.30844331	0.30844307	0.30844325	0.3084431	0.3084431	0.30844307
-154.0	0.33125827	0.33125862	0.33125836	0.33125857	0.33125839	0.33125839	0.33125836
-153.0	0.35468802	0.35468841	0.35468811	0.35468832	0.35468814	0.35468811	0.35468811
-152.0	0.37870291	0.37870336	0.37870303	0.37870327	0.37870306	0.37870303	0.37870303
-151.0	0.40327308	0.40327355	0.4032732	0.40327346	0.40327325	0.40327322	0.4032732
-150.0	0.42836797	0.42836851	0.42836809	0.42836839	0.42836815	0.42836812	0.42836809
-149.0	0.45395648	0.45395705	0.4539566	0.45395693	0.45395666	0.45395663	0.4539566
-148.0	0.4800069	0.4800075	0.48000705	0.48000741	0.48000711	0.48000708	0.48000705
-147.0	0.50648707	0.50648773	0.50648725	0.50648761	0.50648731	0.50648725	0.50648725
-146.0	0.53336442	0.53336513	0.53336459	0.53336501	0.53336465	0.53336459	0.53336453
-145.0	0.56060576	0.56060654	0.56060594	0.56060642	0.560606	0.560606	0.56060594
-144.0	0.58817774	0.58817858	0.58817792	0.58817846	0.58817804	0.58817798	0.58817792
-143.0	0.61604655	0.61604744	0.61604673	0.61604726	0.61604685	0.61604679	0.61604673
-142.0	0.64417803	0.64417905	0.64417827	0.64417881	0.64417833	0.64417827	0.64417821
-141.0	0.67253786	0.67253894	0.6725381	0.6725387	0.67253822	0.67253816	0.6725381
-140.0	0.70109141	0.7010926	0.70109171	0.70109236	0.70109183	0.70109177	0.70109171
-139.0	0.72980398	0.72980523	0.72980428	0.72980499	0.7298044	0.72980434	0.72980428
-138.0	0.75864059	0.75864196	0.75864094	0.75864172	0.75864106	0.758641	0.75864089
-137.0	0.78756624	0.78756773	0.7875666	0.78756744	0.78756672	0.78756666	0.7875666
-136.0	0.8165459	0.81654745	0.81654626	0.81654716	0.81654638	0.81654632	0.8165462
-135.0	0.8455444	0.84554607	0.84554476	0.84554571	0.84554493	0.84554482	0.84554476
-134.0	0.87452668	0.87452847	0.8745271	0.87452811	0.87452722	0.87452716	0.87452704
-133.0	0.90345776	0.90345967	0.90345818	0.90345931	0.90345836	0.9034583	0.90345818
-132.0	0.93230277	0.93230474	0.93230319	0.93230438	0.93230337	0.93230331	0.93230319
-131.0	0.96102685	0.96102899	0.96102732	0.96102858	0.9610275	0.96102744	0.96102732
-130.0	0.98959553	0.98959786	0.98959607	0.98959738	0.98959625	0.98959619	0.98959601
-129.0	1.0179745	1.0179769	1.017975	1.0179764	1.0179752	1.0179751	1.017975
-128.0	1.0461295	1.0461321	1.0461301	1.0461316	1.0461303	1.0461302	1.0461301
-127.0	1.0740269	1.0740297	1.0740275	1.0740291	1.0740278	1.0740277	1.0740274
-126.0	1.1016332	1.1016362	1.1016339	1.1016356	1.1016341	1.101634	1.1016338
-125.0	1.1289154	1.1289185	1.1289161	1.1289179	1.1289164	1.1289163	1.128916
-124.0	1.1558409	1.1558442	1.1558416	1.1558435	1.1558419	1.1558418	1.1558416
-123.0	1.1823775	1.1823809	1.1823782	1.1823802	1.1823785	1.1823784	1.1823782
-122.0	1.2084935	1.208497	1.2084942	1.2084963	1.2084945	1.2084943	1.2084942
-121.0	1.2341577	1.2341615	1.2341584	1.2341608	1.2341588	1.2341586	1.2341584
-120.0	1.2593395	1.2593436	1.2593403	1.2593428	1.2593406	1.2593405	1.2593403
-119.0	1.284009	1.2840134	1.2840099	1.2840124	1.2840103	1.2840101	1.2840098
-118.0	1.3081368	1.3081415	1.3081378	1.3081405	1.3081381	1.308138	1.3081377
-117.0	1.3316944	1.3316991	1.3316953	1.3316982	1.3316957	1.3316956	1.3316952
-116.0	1.3546535	1.3546586	1.3546544	1.3546575	1.3546549	1.3546547	1.3546544
-115.0	1.376987	1.3769923	1.3769881	1.3769913	1.3769884	1.3769883	1.3769879
-114.0	1.3986684	1.398674	1.3986695	1.3986728	1.39867	1.3986697	1.3986694
-113.0	1.4196719	1.4196779	1.4196731	1.4196767	1.4196736	1.4196733	1.419673
-112.0	1.4399728	1.4399791	1.439974	1.4399778	1.4399744	1.4399743	1.4399738
-111.0	1.4595469	1.4595535	1.4595481	1.4595522	1.4595487	1.4595485	1.459548
-110.0	1.478371	1.4783781	1.4783723	1.4783766	1.4783729	1.4783727	1.4783722
-109.0	1.496423	1.4964304	1.4964243	1.4964288	1.496425	1.4964247	1.4964242
-108.0	1.5136815	1.5136893	1.5136828	1.5136876	1.5136836	1.5136832	1.5136827
-107.0	1.530126	1.5301342	1.5301274	1.5301324	1.5301281	1.5301279	1.5301273
-106.0	1.5457371	1.5457457	1.5457386	1.5457439	1.5457394	1.5457391	1.5457385
-105.0	1.5604966	1.5605056	1.5604981	1.5605037	1.5604988	1.5604985	1.5604979
-104.0	1.5743867	1.5743963	1.5743883	1.5743942	1.5743891	1.5743887	1.5743881
-103.0	1.5873913	1.5874013	1.5873929	1.5873991	1.5873938	1.5873934	1.5873928
-102.0	1.5994949	1.5995054	1.5994966	1.5995032	1.5994976	1.5994971	1.5994965
-101.0	1.6106833	1.6106944	1.6106851	1.610692	1.6106861	1.6106857	1.6106849
-100.0	1.6209433	1.620955	1.6209452	1.6209525	1.6209462	1.6209458	1.620945
-99.0	1.6302629	1.6302751	1.6302648	1.6302725	1.6302658	1.6302654	1.6302645
-98.0	1.638631	1.6386437	1.6386329	1.638641	1.638634	1.6386336	1.6386327
-97.0	1.6460377	1.6460512	1.6460397	1.6460483	1.6460409	1.6460404	1.6460395
-96.0	1.6524744	1.6524886	1.6524764	1.6524855	1.6524777	1.6524773	1.6524763
-95.0	1.6579335	1.6579484	1.6579356	1.6579452	1.6579369	1.6579365	1.6579354
-94.0	1.6624086	1.6624241	1.6624107	1.6624207	1.662412	1.6624116	1.6624105
-93.0	1.6658943	1.6659106	1.6658964	1.665907	1.6658978	1.6658974	1.6658962
-92.0	1.6683865	1.6684036	1.6683887	1.6683998	1.6683903	1.6683897	1.6683885
-91.0	1.6698824	1.6699004	1.6698847	1.6698964	1.6698862	1.6698856	1.6698844
-90.0	1.6703801	1.6703991	1.6703825	1.6703948	1.6703842	1.6703836	1.6703821
-89.0	1.6698792	1.6698991	1.6698816	1.6698946	1.6698833	1.6698827	1.6698812
-88.0	1.66838	1.6684009	1.6683825	1.6683962	1.6683843	1.6683836	1.6683822
-87.0	1.6658845	1.6659064	1.665887	1.6659014	1.6658889	1.6658882	1.6658866
-86.0	1.6623956	1.6624186	1.6623981	1.6624134	1.6624001	1.6623994	1.6623977
-85.0	1.6579173	1.6579415	1.6579198	1.6579359	1.6579219	1.6579212	1.6579194
-84.0	1.6524549	1.6524802	1.6524575	1.6524743	1.6524596	1.6524589	1.652457
-83.0	1.6460148	1.6460414	1.6460173	1.6460352	1.6460197	1.6460189	1.646017
-82.0	1.6386045	1.6386325	1.6386071	1.638626	1.6386096	1.6386088	1.6386067
-81.0	1.6302329	1.6302624	1.6302356	1.6302555	1.6302382	1.6302373	1.6302351
-80.0	1.6209098	1.6209407	1.6209124	1.6209334	1.6209152	1.6209142	1.620912
-79.0	1.6106461	1.6106786	1.6106488	1.6106708	1.6106516	1.6106507	1.6106483
-78.0	1.599454	1.599488	1.5994565	1.5994799	1.5994595	1.5994586	1.599456
-77.0	1.5873466	1.5873822	1.5873491	1.5873736	1.5873522	1.5873512	1.5873485
-76.0	1.574338	1.5743755	1.5743405	1.5743665	1.5743438	1.5743427	1.5743397
-75.0	1.5604438	1.5604832	1.5604461	1.5604736	1.5604496	1.5604485	1.5604454
-74.0	1.54568	1.5457217	1.5456824	1.5457114	1.5456861	1.5456849	1.5456817
-73.0	1.5300646	1.5301082	1.5300667	1.5300975	1.5300707	1.5300695	1.530066
-72.0	1.5136155	1.5136614	1.5136176	1.5136501	1.5136217	1.5136204	1.5136168
-71.0	1.4963523	1.4964006	1.4963542	1.4963886	1.4963585	1.4963572	1.4963534
-70.0	1.4782954	1.4783462	1.4782971	1.4783335	1.4783016	1.4783003	1.4782963
-69.0	1.4594661	1.4595196	1.4594676	1.4595062	1.4594724	1.459471	1.4594667
-68.0	1.4398867	1.4399431	1.4398879	1.4399287	1.4398929	1.4398915	1.4398868
-67.0	1.4195802	1.4196396	1.4195812	1.4196244	1.4195864	1.419585	1.41958
-66.0	1.3985708	1.3986334	1.3985714	1.3986173	1.398577	1.3985754	1.3985702
-65.0	1.3768833	1.3769492	1.3768834	1.3769321	1.3768892	1.3768877	1.3768821
-64.0	1.3545433	1.3546128	1.354543	1.3545947	1.3545492	1.3545475	1.3545415
-63.0	1.3315774	1.3316507	1.3315765	1.3316314	1.331583	1.3315814	1.331575
-62.0	1.3080127	1.3080902	1.3080112	1.3080697	1.3080181	1.3080164	1.3080096
-61.0	1.2838773	1.2839592	1.283875	1.2839373	1.2838824	1.2838806	1.2838733
-60.0	1.2591997	1.2592863	1.2591966	1.259263	1.2592044	1.2592026	1.2591949
-59.0	1.2340094	1.2341009	1.2340053	1.2340761	1.2340136	1.2340117	1.2340034
-58.0	1.2083362	1.208433	1.208331	1.2084066	1.2083397	1.2083379	1.208329
-57.0	1.1822107	1.1823133	1.1822042	1.182285	1.1822135	1.1822116	1.1822021
-56.0	1.155664	1.1557727	1.1556561	1.1557424	1.1556659	1.155664	1.1556538
-55.0	1.1287277	1.1288429	1.1287181	1.1288106	1.1287286	1.1287266	1.1287156
-54.0	1.1014339	1.1015562	1.1014224	1.1015216	1.1014336	1.1014316	1.1014198
-53.0	1.0738151	1.0739452	1.0738016	1.073908	1.0738134	1.0738114	1.0737988
-52.0	1.0459044	1.0460427	1.0458885	1.0460029	1.0459012	1.0458992	1.0458854
-51.0	1.0177351	1.0178823	1.0177165	1.0178396	1.01773	1.017728	1.0177132
-50.0	0.98934096	0.98949772	0.98931915	0.98945171	0.98933351	0.98933154	0.98931551
-49.0	0.96075577	0.96092302	0.96073031	0.96087343	0.96074575	0.96074384	0.96072644
-48.0	0.93201387	0.93219244	0.93198431	0.93213898	0.93200076	0.93199897	0.93198007
-47.0	0.90314966	0.90334058	0.90311527	0.90328288	0.90313298	0.90313125	0.90311068
-46.0	0.87419778	0.87440211	0.87415785	0.8743397	0.87417686	0.87417531	0.87415284
-45.0	0.84519285	0.8454119	0.8451466	0.84534431	0.84516704	0.84516567	0.84514111
-44.0	0.81616974	0.81640488	0.81611615	0.81633151	0.81613821	0.81613702	0.81611013
-43.0	0.78716332	0.7874161	0.78710115	0.78733635	0.78712493	0.7871241	0.78709453
-42.0	0.75820827	0.75848055	0.75813621	0.75839365	0.75816196	0.75816154	0.75812894
-41.0	0.72933948	0.72963321	0.72925586	0.72953838	0.72928381	0.72928387	0.72924781
-40.0	0.70059156	0.70090902	0.70049441	0.70080531	0.70052475	0.70052546	0.70048547
-39.0	0.67199904	0.67234284	0.67188597	0.67222911	0.67191899	0.67192048	0.67187601
-38.0	0.64359605	0.64396924	0.64346427	0.64384431	0.64350039	0.64350283	0.64345318
-37.0	0.61541677	0.61582273	0.61526275	0.61568499	0.61530232	0.61530596	0.61525035
-36.0	0.58749467	0.58793753	0.58731437	0.5877853	0.58735782	0.587363	0.58730036
-35.0	0.55986321	0.56034744	0.55965132	0.5601787	0.55969924	0.55970633	0.55963552
-34.0	0.5325551	0.53308618	0.5323053	0.53289849	0.53235835	0.53236789	0.5322873
-33.0	0.50560254	0.50618684	0.50530702	0.50597739	0.50536585	0.50537848	0.50528646
-32.0	0.47903723	0.47968227	0.478686	0.47944754	0.47875166	0.47876817	0.47866234
-31.0	0.45288998	0.45360467	0.45247051	0.45334056	0.45254412	0.45256561	0.45244315
-30.0	0.42719081	0.42798579	0.42668712	0.42768735	0.42677	0.42679796	0.4266552
-29.0	0.40196863	0.4028568	0.40136012	0.40251788	0.401454	0.4014903	0.4013226
-28.0	0.37725121	0.37824818	0.37651101	0.37786129	0.37661803	0.37666523	0.37646651
-27.0	0.35306481	0.35418975	0.3521575	0.35374549	0.35228032	0.35234198	0.35210425
-26.0	0.32943389	0.33071047	0.32831219	0.3301971	0.32845417	0.32853523	0.32824779
-25.0	0.30638072	0.30783847	0.30498064	0.30724108	0.30514613	0.30525348	0.30490178
-24.0	0.28392473	0.28560084	0.28215832	0.28490037	0.28235292	0.28249645	0.28206047
-23.0	0.26208171	0.26402369	0.25982627	0.26319534	0.26005736	0.26025143	0.25970304
-22.0	0.24086273	0.24313174	0.2379441	0.24214289	0.23822136	0.23848729	0.23778641
-21.0	0.22027233	0.22294839	0.21643941	0.22175545	0.21677566	0.21714558	0.21623406
-20.0	0.20030634	0.20349523	0.19519144	0.20203914	0.1956034	0.19612654	0.19491903
-19.0	0.18094827	0.18479185	0.17400715	0.18299113	0.17451608	0.1752684	0.17363919
-18.0	0.1621646	0.16685523	0.15259095	0.16459554	0.15322153	0.15431955	0.15208642
-17.0	0.14389807	0.14969915	0.1305241	0.14681719	0.13129818	0.13291273	0.12982833
-16.0	0.12605993	0.13333309	0.10732219	0.12959188	0.10823929	0.11058741	0.106378
-15.0	0.10852459	0.11776085	0.082770765	0.11281292	0.083765216	0.087009355	0.081566654
-14.0	0.091139771	0.10297859	0.057858605	0.096315928	0.0587532	0.062692828	0.056533184
-13.0	0.073791116	0.088972189	0.035911817	0.079879008	0.036482964	0.040202405	0.034802664
-12.0	0.056605101	0.075714603	0.021273544	0.063302919	0.021483483	0.023851911	0.020658121
-11.0	0.04036843	0.063165992	0.014786351	0.046745688	0.014816672	0.015713947	0.014586154
-10.0	0.02686345	0.051286433	0.013097006	0.031474508	0.013095422	0.013256908	0.01306821
-9.0	0.018037513	0.040091362	0.0128569	0.020152707	0.012856837	0.012860319	0.012856713
-8.0	0.013994786	0.029815905	0.012761436	0.014489056	0.012761436	0.012761436	0.012761436
-7.0	0.012808234	0.021209536	0.012666257	0.012843598	0.012666257	0.012666257	0.012666257
-6.0	0.012573631	0.015480412	0.012571077	0.012572894	0.012571077	0.012571077	0.012571077
-5.0	0.012475898	0.012995102	0.012475898	0.012475898	0.012475898	0.012475898	0.012475898
-4.0	0.064889997	0.048119999	0.0096800001	0.031800002	0.01637	0.01094	0.0088499999
-3.5	0.056880001	0.042149998	0.0093499999	0.028689999	0.01437	0.01041	0.0085199997
-3.0	0.05094	0.038309999	0.0088400003	0.026040001	0.01343	0.01001	0.0082799997
-2.5	0.046429999	0.035259999	0.0085699996	0.02489	0.01267	0.0095499996	0.0080899997
-2.0	0.042479999	0.033119999	0.0083699999	0.02314	0.01133	0.0091800001	0.0078800004
-1.5	0.03878	0.031660002	0.00801	0.02087	0.0106	0.0085000005	0.0077
-1.0	0.03334	0.02988	0.0074900002	0.01945	0.0094900001	0.0081200004	0.0072699999
-0.5	0.034340002	0.027559999	0.0071999999	0.01905	0.0089499997	0.00752	0.0068799998
0.0	0.035560001	0.029039999	0.0066999998	0.01891	0.0089100003	0.0067099999	0.0066300002
0.5	0.037020002	0.031780001	0.0060200002	0.01871	0.0089800004	0.0065899999	0.00611
1.0	0.038710002	0.03455	0.0058400002	0.0185	0.0090800002	0.0067400001	0.0055200001
1.5	0.040660001	0.036449999	0.00605	0.018209999	0.0092099998	0.0068999999	0.00556
2.0	0.042909998	0.038240001	0.0062699998	0.01792	0.0093799997	0.00709	0.0058400002
2.5	0.04549	0.03988	0.00654	0.01764	0.0095899999	0.0073099998	0.00611
3.0	0.048409998	0.041359998	0.0068399999	0.01725	0.0098099997	0.0076100002	0.0064699999
3.5	0.051679999	0.042479999	0.0073099998	0.017309999	0.0101	0.0079800002	0.00709
4.0	0.055259999	0.043779999	0.0079300003	0.01737	0.01049	0.0085100001	0.00758
4.5	0.05909	0.04603	0.0084699998	0.017550001	0.01102	0.0091399997	0.0079800002
5.0	0.063110001	0.047529999	0.0088999998	0.01801	0.0117	0.0097500002	0.0083400002
5.5	0.067309998	0.04998	0.0093299998	0.018619999	0.01241	0.01029	0.0090500005
6.0	0.071680002	0.05491	0.00973	0.019440001	0.01308	0.01078	0.0094799995
6.5	0.076219998	0.058759999	0.01017	0.02015	0.01379	0.01129	0.0099499999
7.0	0.080969997	0.06208	0.01063	0.020959999	0.0145	0.01181	0.01069
7.5	0.085929997	0.063249998	0.01115	0.02194	0.01523	0.01234	0.01195
8.5	0.096600004	0.07051	0.01217	0.02296	0.016000001	0.01298	0.01304
9.0	0.10234	0.07519	0.01351	0.024040001	0.016690001	0.01393	0.0139
9.5	0.10839	0.050730001	0.0146	0.0253	0.01749	0.01545	0.01516
10.5	0.12984	0.050439999	0.01557	0.02648	0.01863	0.01678	0.01708
11.0	0.13700999	0.051970001	0.01715	0.027729999	0.02042	0.01801	0.018300001
12.0	0.1567	0.05988	0.01919	0.029279999	0.022369999	0.0195	0.019680001
12.5	0.16087	0.2251	0.020819999	0.03136	0.024329999	0.022290001	0.02114
13.0	0.13979	0.23514	0.02283	0.033840001	0.02644	0.024350001	0.022940001
13.5	0.14665	0.23818	0.025149999	0.036729999	0.02936	0.026839999	0.02516
14.0	0.14926	0.24933	0.02758	0.040199999	0.0383	0.029990001	0.02833
14.5	0.15272	0.20682	0.03053	0.04479	0.043609999	0.034030002	0.032960001
15.0	0.19653	0.26075	0.034109998	0.051290002	0.05006	0.039329998	0.036339998
15.5	0.20281	0.20722371	0.03853	0.05934	0.057799999	0.046300001	0.040460002
16.0	0.2102	0.22905684	0.044220001	0.0669	0.066459998	0.053720001	0.04544
16.5	0.22066	0.25163138	0.051879998	0.07401	0.074759997	0.059859999	0.051369999
17.0	0.22594	0.27491435	0.06185	0.08044	0.082500003	0.067230001	0.058460001
18.0	0.24135	0.29887524	0.07164	0.089060001	0.090520002	0.07564	0.066689998
18.5	0.25397	0.32348505	0.079970002	0.098169997	0.098860003	0.084720001	0.076010004
19.0	0.25847	0.34871557	0.089160003	0.10678	0.10784	0.094190001	0.086319998
19.5	0.26242	0.37453881	0.098920003	0.11724	0.11786	0.10401	0.097379997
20.0	0.27145001	0.40092668	0.10905	0.20923001	0.12892	0.1141	0.10887
21.0	0.22365563	0.42785069	0.11933	0.24357	0.14126	0.12426	0.12054
22.0	0.24477929	0.45528191	0.12978999	0.16494022	0.15583999	0.13474	0.13197
23.0	0.26664096	0.48319072	0.14038	0.18494245	0.17489	0.14535999	0.14305
24.0	0.28922021	0.51154685	0.15093	0.20594698	0.16208637	0.15617	0.15000087
25.0	0.3124952	0.54031932	0.16293943	0.22789691	0.18289624	0.16281782	0.17150982
26.0	0.33644244	0.56947643	0.18533888	0.25073773	0.20482081	0.18481874	0.19424734
27.0	0.36103711	0.59898591	0.20879257	0.27441734	0.22778191	0.20789599	0.21809648
28.0	0.38625312	0.6288147	0.23318872	0.29888612	0.25170457	0.23194622	0.24294862
29.0	0.41206306	0.65892917	0.25843003	0.32409653	0.27651772	0.25687703	0.26870474
30.0	0.43843853	0.68929517	0.28443253	0.350003	0.30215436	0.28260663	0.29527563
31.0	0.46534994	0.71987802	0.31112376	0.37656167	0.32855168	0.30906275	0.32258138
32.0	0.49276683	0.75064254	0.3384411	0.40372998	0.35565063	0.33618137	0.35055059
33.0	0.52065778	0.78155309	0.3663297	0.43146664	0.38339576	0.36390549	0.37911925
34.0	0.54899067	0.81257373	0.39474109	0.45973128	0.41173473	0.39218381	0.40822962
35.0	0.57773238	0.84366822	0.4236314	0.4884842	0.44061795	0.42096952	0.43782917
36.0	0.60684943	0.87479997	0.45296055	0.51768637	0.46999812	0.45021939	0.46786967
37.0	0.6363073	0.90593231	0.48269099	0.54729915	0.49982989	0.47989291	0.49830619
38.0	0.6660713	0.93702829	0.51278704	0.57728422	0.53006959	0.50995159	0.52909654
39.0	0.69610584	0.96805102	0.54321432	0.60760343	0.56067479	0.54035848	0.56020063
40.0	0.72637522	0.99896342	0.57393914	0.63821888	0.59160429	0.57107759	0.59157974
41.0	0.75684303	1.0297285	0.60492849	0.66909266	0.62281758	0.60207355	0.62319642
42.0	0.78747267	1.0603095	0.63614929	0.70018697	0.65427488	0.63331163	0.65501404
43.0	0.81822723	1.0906694	0.66756862	0.73146397	0.68593711	0.66475713	0.68699652
44.0	0.84906954	1.1207716	0.69915336	0.76288587	0.71776539	0.69637555	0.71910822
45.0	0.87996209	1.1505798	0.73087025	0.79441488	0.74972129	0.72813231	0.75131363
46.0	0.91086745	1.1800579	0.76268578	0.82601321	0.78176671	0.75999278	0.78357744
47.0	0.94174802	1.2091699	0.79456604	0.85764295	0.81386358	0.79192215	0.81586438
48.0	0.97256601	1.2378805	0.82647699	0.88926643	0.84597421	0.8238855	0.84813923
49.0	1.0032839	1.2661546	0.85838425	0.92084593	0.87806094	0.85584778	0.88036668
50.0	1.0338639	1.2939579	0.89025325	0.9523437	0.91008633	0.88777369	0.91251153
51.0	1.0642688	1.3212564	0.92204916	0.98372227	0.94201308	0.91962796	0.94453847
52.0	1.094461	1.3480164	0.9537369	1.0149442	0.97380406	0.95137513	0.97641218
53.0	1.1244036	1.3742054	0.98528153	1.0459723	1.0054224	0.98297971	1.0080975
54.0	1.1540595	1.3997909	1.0166477	1.0767696	1.0368311	1.0144062	1.0395591
55.0	1.1833924	1.4247417	1.0478003	1.1072991	1.0679939	1.0456191	1.070762
56.0	1.2123659	1.4490271	1.0787041	1.1375245	1.0988743	1.076583	1.1016712
57.0	1.2409444	1.4726171	1.1093242	1.1674095	1.1294366	1.1072627	1.1322519
58.0	1.2690923	1.4954827	1.1396254	1.1969184	1.1596451	1.137623	1.1624695
59.0	1.296775	1.5175955	1.1695731	1.2260158	1.1894643	1.167629	1.1922898
60.0	1.3239582	1.5389285	1.1991326	1.2546668	1.2188597	1.1972461	1.2216787
61.0	1.350608	1.5594552	1.2282699	1.282837	1.2477965	1.2264401	1.2506028
62.0	1.3766915	1.5791501	1.2569511	1.3104925	1.2762411	1.2551768	1.2790288
63.0	1.4021761	1.5979888	1.2851427	1.3376001	1.3041599	1.2834229	1.3069239
64.0	1.4270304	1.6159483	1.3128116	1.3641269	1.3315201	1.3111454	1.3342558
65.0	1.4512233	1.6330062	1.3399255	1.3900412	1.3582896	1.3383116	1.360993
66.0	1.4747247	1.6491412	1.3664525	1.4153116	1.3844367	1.3648896	1.3871045
67.0	1.4975054	1.6643335	1.392361	1.4399076	1.4099307	1.3908483	1.4125597
68.0	1.5195369	1.6785642	1.4176207	1.4637994	1.4347414	1.4161566	1.4373291
69.0	1.5407919	1.6918156	1.4422013	1.4869581	1.4588393	1.4407848	1.4613835
70.0	1.5612435	1.7040714	1.4660738	1.509356	1.4821961	1.4647037	1.4846947
71.0	1.5808667	1.7153163	1.4892097	1.5309656	1.5047841	1.4878848	1.5072355
72.0	1.5996367	1.7255363	1.5115812	1.5517609	1.5265764	1.5103004	1.5289794
73.0	1.6175299	1.734719	1.5331619	1.5717168	1.5475471	1.5319239	1.5499007
74.0	1.6345242	1.7428528	1.5539258	1.5908089	1.5676715	1.5527294	1.5699745
75.0	1.6505983	1.7499278	1.573848	1.6090142	1.5869257	1.5726922	1.5891776
76.0	1.6657319	1.7559351	1.5929047	1.6263106	1.6052867	1.5917883	1.607487
77.0	1.6799064	1.7608674	1.6110729	1.6426772	1.6227328	1.6099949	1.6248811
78.0	1.6931037	1.7647185	1.6283309	1.6580943	1.6392432	1.6272901	1.6413394
79.0	1.7053075	1.7674839	1.644658	1.6725429	1.6547985	1.6436533	1.6568426
80.0	1.7165024	1.7691602	1.6600344	1.6860059	1.6693802	1.6590649	1.6713721
81.0	1.7266744	1.7697451	1.6744418	1.6984669	1.682971	1.6735064	1.6849109
82.0	1.7358109	1.7692385	1.6878629	1.7099109	1.6955549	1.6869605	1.6974431
83.0	1.7439003	1.7676407	1.7002814	1.720324	1.7071171	1.699411	1.708954
84.0	1.7509326	1.7649541	1.7116826	1.7296938	1.7176439	1.7108434	1.7194299
85.0	1.7568988	1.761182	1.7220527	1.7380091	1.727123	1.7212437	1.7288586
86.0	1.7617916	1.7563293	1.7313794	1.74526	1.7355435	1.7305999	1.7372292
87.0	1.7656047	1.7504022	1.7396517	1.7514379	1.7428956	1.7389004	1.744532
88.0	1.7683334	1.7434082	1.7468596	1.7565355	1.7491708	1.746136	1.7507586
89.0	1.7699745	1.7353562	1.7529945	1.7605469	1.754362	1.7522976	1.7559021
90.0	1.7705257	1.7262564	1.7580495	1.7634677	1.7584635	1.7573786	1.7599564
91.0	1.7699864	1.7161202	1.7620187	1.7652943	1.7614708	1.7613727	1.7629173
92.0	1.7683573	1.7049606	1.7648973	1.7660251	1.7633808	1.7642757	1.7647817
93.0	1.7656405	1.6927915	1.7666825	1.7656596	1.7641919	1.7660843	1.7655479
94.0	1.7618394	1.6796283	1.7673723	1.7641987	1.7639035	1.7667969	1.7652156
95.0	1.7569587	1.6654875	1.7669661	1.7616445	1.7625167	1.766413	1.7637857
96.0	1.7510047	1.6503872	1.7654651	1.7580006	1.760034	1.7649333	1.7612607
97.0	1.7439849	1.634346	1.7628715	1.7532721	1.7564589	1.7623603	1.7576443
98.0	1.735908	1.6173842	1.7591888	1.7474651	1.7517965	1.7586976	1.7529414
99.0	1.7267842	1.5995232	1.7544221	1.7405875	1.7460531	1.7539502	1.7471584
100.0	1.716625	1.5807854	1.7485776	1.732648	1.7392366	1.7481246	1.7403032
101.0	1.7054431	1.5611943	1.741663	1.7236571	1.731356	1.7412281	1.7323848
102.0	1.6932528	1.5407745	1.7336873	1.7136263	1.7224216	1.73327	1.7234135
103.0	1.6800691	1.5195514	1.7246609	1.7025685	1.7124454	1.7242606	1.7134011
104.0	1.6659086	1.4975518	1.7145953	1.690498	1.7014399	1.7142113	1.7023605
105.0	1.6507891	1.4748032	1.7035035	1.67743	1.6894196	1.7031354	1.6903059
106.0	1.6347297	1.451334	1.6913996	1.6633813	1.6764002	1.6910468	1.677253
107.0	1.6177504	1.4271736	1.6782991	1.6483699	1.662398	1.6779611	1.6632184
108.0	1.5998726	1.4023521	1.6642185	1.6324147	1.6474314	1.6638949	1.6482199
109.0	1.5811186	1.3769007	1.649176	1.615536	1.6315191	1.6488662	1.632277
110.0	1.5615119	1.3508508	1.6331904	1.5977553	1.6146818	1.6328939	1.6154096
111.0	1.541077	1.3242352	1.6162821	1.5790949	1.5969408	1.6159985	1.5976394
112.0	1.5198395	1.297087	1.5984725	1.5595785	1.5783186	1.5982013	1.5789889
113.0	1.4978261	1.2694399	1.5797839	1.5392308	1.5588388	1.5795248	1.5594817
114.0	1.4750643	1.2413284	1.5602401	1.5180774	1.5385263	1.5599926	1.5391425
115.0	1.4515823	1.2127874	1.5398657	1.4961449	1.5174067	1.5396293	1.5179969
116.0	1.4274096	1.1838523	1.5186864	1.473461	1.4955068	1.5184608	1.4960718
117.0	1.4025764	1.1545591	1.4967288	1.4500543	1.472854	1.4965135	1.4733948
118.0	1.3771136	1.1249441	1.4740204	1.425954	1.4494772	1.4738151	1.4499942
119.0	1.351053	1.0950439	1.4505898	1.4011905	1.4254056	1.4503942	1.4258999
120.0	1.324427	1.0648956	1.4264663	1.3757949	1.4006697	1.42628	1.4011416
121.0	1.2972689	1.0345366	1.4016805	1.3497988	1.3753004	1.401503	1.375751
122.0	1.2696122	1.0040042	1.376263	1.3232349	1.3493297	1.3760941	1.3497595
123.0	1.2414916	0.97333622	1.3502458	1.2961365	1.3227901	1.3500853	1.3231999
124.0	1.2129418	0.94257039	1.3236616	1.2685373	1.2957149	1.323509	1.2961053
125.0	1.1839983	0.91174459	1.2965434	1.2404717	1.2681379	1.2963984	1.2685096
126.0	1.1546971	0.88089681	1.268925	1.211975	1.2400938	1.2687874	1.2404473
127.0	1.1250744	0.85006493	1.2408409	1.1830823	1.2116175	1.2407104	1.2119535
128.0	1.0951669	0.81928676	1.2123263	1.1538299	1.1827445	1.2122025	1.1830636
129.0	1.0650116	0.78860009	1.1834164	1.1242541	1.1535108	1.1832992	1.1538137
130.0	1.0346458	0.75804245	1.1541473	1.0943916	1.1239529	1.1540364	1.1242402
131.0	1.004107	0.72765118	1.1245553	1.0642794	1.0941074	1.1244504	1.0943797
132.0	0.9734329	0.69746345	1.0946773	1.0339549	1.0640116	1.0945781	1.0642693
133.0	0.94266123	0.66751605	1.0645502	1.0034556	1.0337026	1.0644565	1.0339465
134.0	0.91182989	0.6378454	1.0342112	0.97281933	1.0032183	1.0341228	1.0034487
135.0	0.88097674	0.60848761	1.003698	0.94208378	0.97259623	1.0036147	0.97281379
136.0	0.8501398	0.57947826	0.97304833	0.91128707	0.94187433	0.97296989	0.94207948
137.0	0.81935686	0.55085254	0.94230002	0.880467	0.91109049	0.94222617	0.91128385
138.0	0.78866553	0.52264512	0.91149092	0.84966165	0.88028282	0.91142154	0.88046473
139.0	0.75810355	0.49489	0.88065904	0.81890881	0.84948915	0.88059384	0.84966022
140.0	0.72770816	0.46762064	0.84984225	0.78824627	0.81874752	0.84978116	0.8189081
141.0	0.69751644	0.44086987	0.81907856	0.75771171	0.78809565	0.81902128	0.78824621
142.0	0.66756529	0.41466975	0.78840554	0.72734237	0.7575711	0.78835201	0.75771219
143.0	0.63789111	0.38905171	0.75786096	0.69717556	0.72721142	0.75781089	0.72734338
144.0	0.60852993	0.36404637	0.72748208	0.66724801	0.69705373	0.72743535	0.69717693
145.0	0.57951742	0.33968347	0.6973061	0.63759625	0.66713482	0.69726259	0.66724968
146.0	0.55088872	0.31599206	0.66736984	0.60825646	0.63749129	0.66732931	0.63759822
147.0	0.52267843	0.29300022	0.63770974	0.57926416	0.60815918	0.63767213	0.60825861
148.0	0.49492061	0.27073511	0.60836196	0.55065459	0.57917428	0.60832703	0.57926649
149.0	0.46764874	0.24922304	0.57936215	0.52246249	0.55057168	0.57932979	0.55065703
150.0	0.44089556	0.22848924	0.55074537	0.49472183	0.52238607	0.55071551	0.52246499
151.0	0.41469321	0.20855799	0.52254641	0.46746618	0.49465165	0.52251887	0.49472439
152.0	0.38907304	0.18945256	0.49479929	0.44072831	0.4674018	0.49477392	0.46746874
153.0	0.36406571	0.17119515	0.46753746	0.41454038	0.44066942	0.46751416	0.44073084
154.0	0.339701	0.15380685	0.44079375	0.38893378	0.41448665	0.44077241	0.41454288
155.0	0.31600785	0.1373077	0.41460031	0.3639392	0.38888493	0.41458082	0.38893625
156.0	0.29301438	0.12171657	0.38898855	0.33958647	0.36389491	0.38897079	0.36394158
157.0	0.27074778	0.10705121	0.36398906	0.31590453	0.33954641	0.36397293	0.33958873
158.0	0.24923429	0.093328163	0.33963168	0.29292157	0.31586847	0.33961707	0.3159067
159.0	0.22849917	0.080562823	0.31594542	0.27066475	0.29288921	0.31593224	0.29292363
160.0	0.20856673	0.068769366	0.29295835	0.24916039	0.27063584	0.29294652	0.27066669
161.0	0.18946019	0.057960764	0.27069774	0.22843376	0.2491347	0.27068716	0.24916218
162.0	0.17120175	0.048148744	0.24918981	0.20850918	0.22841105	0.24918039	0.22843541
163.0	0.15381251	0.039343789	0.22845985	0.18940991	0.20848924	0.22845152	0.2085107
164.0	0.1373125	0.031555142	0.20853217	0.17115818	0.18939251	0.20852484	0.18941128
165.0	0.1217206	0.024790777	0.18943004	0.15377511	0.17114313	0.18942364	0.17115942
166.0	0.10705452	0.019057401	0.17117566	0.13728075	0.15376221	0.1711701	0.15377621
167.0	0.09333083	0.014360449	0.15379015	0.12169399	0.13726981	0.15378538	0.13728172
168.0	0.080564916	0.010704078	0.13729353	0.10703259	0.12168484	0.13728949	0.12169483
169.0	0.068770953	0.0080911638	0.12170472	0.093313128	0.10702506	0.12170134	0.1070333
170.0	0.0579619	0.0065233046	0.10704145	0.080551006	0.093307056	0.10703865	0.093313716
171.0	0.048149481	0.0060008173	0.093320295	0.068760425	0.080546245	0.093318038	0.080551483
172.0	0.039344188		0.080556646	0.057954364	0.068756826	0.08055488	0.068760797
173.0	0.03155525		0.068764701	0.04814456	0.057951786	0.06876336	0.057954632
174.0	0.024790645		0.057957429	0.039341528	0.04814288	0.057956468	0.048144743
175.0	0.019057075		0.048146565	0.03155452	0.039340623	0.048145939	0.039341629
176.0	0.014359971		0.039342616	0.02479152	0.031554271	0.039342277	0.031554546
177.0	0.010703488		0.031554818	0.019059254	0.024791818	0.031554725	0.024791485
178.0	0.0080905007		0.024791162	0.014363169	0.019059995	0.024791272	0.019059166
179.0	0.0065226043		0.01905836	0.010707435	0.014364254	0.019058637	0.014363037
180.0	0.0060001137		0.014361856	0.0080949422	0.010708773	0.014362263	0.010707269
