-90.0	1.6961682	1.6961972	1.6961658	1.6961888	1.696187	1.6961697	1.6961658	1.6961811
-89.0	1.6956637	1.6956942	1.6956612	1.6956855	1.6956836	1.6956655	1.6956612	1.6956773
-88.0	1.6941541	1.6941861	1.6941514	1.694177	1.694175	1.6941559	1.6941514	1.6941684
-87.0	1.6916411	1.6916747	1.6916381	1.6916652	1.691663	1.6916429	1.6916381	1.6916561
-86.0	1.6881275	1.6881628	1.6881243	1.6881528	1.6881506	1.6881293	1.6881243	1.6881433
-85.0	1.6836174	1.6836544	1.6836139	1.6836441	1.6836417	1.6836193	1.6836139	1.683634
-84.0	1.678116	1.6781549	1.6781121	1.678144	1.6781415	1.6781179	1.6781121	1.6781334
-83.0	1.6716295	1.6716706	1.6716254	1.6716591	1.6716565	1.6716315	1.6716254	1.6716479
-82.0	1.6641656	1.6642087	1.6641612	1.6641967	1.664194	1.6641675	1.6641612	1.6641849
-81.0	1.6557329	1.6557781	1.655728	1.6557655	1.6557627	1.6557348	1.655728	1.6557531
-80.0	1.6463408	1.6463884	1.6463356	1.6463753	1.6463722	1.6463429	1.6463356	1.6463622
-79.0	1.6360006	1.6360506	1.6359948	1.6360369	1.6360337	1.6360025	1.6359948	1.636023
-78.0	1.6247239	1.6247765	1.6247176	1.6247621	1.6247587	1.6247258	1.6247176	1.6247475
-77.0	1.6125239	1.6125792	1.612517	1.6125641	1.6125605	1.6125258	1.612517	1.6125487
-76.0	1.5994146	1.5994728	1.5994071	1.5994569	1.5994532	1.5994165	1.5994071	1.5994407
-75.0	1.5854112	1.5854723	1.5854031	1.5854558	1.5854518	1.585413	1.5854031	1.5854387
-74.0	1.5705298	1.5705943	1.570521	1.5705769	1.5705727	1.5705316	1.570521	1.5705589
-73.0	1.5547879	1.5548557	1.5547782	1.5548376	1.5548331	1.5547897	1.5547782	1.5548185
-72.0	1.5382035	1.538275	1.538193	1.5382558	1.5382512	1.5382051	1.538193	1.5382357
-71.0	1.5207958	1.5208712	1.5207844	1.5208511	1.5208462	1.5207974	1.5207844	1.5208298
-70.0	1.5025852	1.5026646	1.5025728	1.5026436	1.5026383	1.5025866	1.5025728	1.5026211
-69.0	1.4835927	1.4836764	1.483579	1.4836544	1.4836489	1.4835939	1.483579	1.4836305
-68.0	1.4638404	1.4639287	1.4638255	1.4639056	1.4638997	1.4638414	1.4638255	1.4638803
-67.0	1.4433511	1.4434444	1.4433349	1.4434202	1.443414	1.4433521	1.4433349	1.4433935
-66.0	1.4221491	1.4222474	1.4221313	1.4222219	1.4222155	1.4221497	1.4221313	1.4221936
-65.0	1.4002585	1.4003625	1.4002392	1.4003358	1.4003289	1.4002589	1.4002392	1.4003057
-64.0	1.3777053	1.3778151	1.3776841	1.3777871	1.3777797	1.3777053	1.3776841	1.3777553
-63.0	1.3545157	1.3546318	1.3544924	1.3546022	1.3545946	1.3545153	1.3544924	1.3545685
-62.0	1.3307166	1.3308395	1.3306912	1.3308084	1.3308003	1.3307158	1.3306912	1.3307726
-61.0	1.306336	1.3064661	1.3063082	1.3064334	1.3064247	1.3063346	1.3063082	1.3063953
-60.0	1.2814025	1.2815403	1.2813718	1.2815059	1.2814966	1.2814004	1.2813718	1.2814654
-59.0	1.2559451	1.2560911	1.2559114	1.256055	1.2560452	1.2559423	1.2559114	1.2560118
-58.0	1.2299937	1.2301488	1.2299566	1.2301106	1.2301003	1.2299902	1.2299566	1.2300647
-57.0	1.2035789	1.2037436	1.2035382	1.2037034	1.2036923	1.2035745	1.2035382	1.2036544
-56.0	1.1767318	1.1769068	1.1766868	1.1768645	1.1768526	1.1767263	1.1766868	1.1768122
-55.0	1.1494839	1.14967	1.1494342	1.1496253	1.1496128	1.1494772	1.1494342	1.1495695
-54.0	1.1218673	1.1220654	1.1218122	1.1220183	1.1220049	1.1218592	1.1218122	1.1219585
-53.0	1.0939146	1.0941256	1.0938536	1.0940759	1.0940616	1.0939049	1.0938536	1.094012
-52.0	1.0656588	1.065884	1.0655911	1.0658314	1.065816	1.0656471	1.0655911	1.0657629
-51.0	1.0371333	1.0373738	1.037058	1.0373182	1.0373018	1.0371195	1.037058	1.0372447
-50.0	1.0083719	1.0086291	1.008288	1.0085702	1.0085527	1.0083556	1.008288	1.0084912
-49.0	0.97940868	0.979684	0.9793151	0.97962171	0.97960281	0.97938949	0.9793151	0.97953665
-48.0	0.95027798	0.95057321	0.95017332	0.9505071	0.95048684	0.95025539	0.95017332	0.95041543
-47.0	0.92101443	0.92133135	0.92089701	0.92126119	0.92123944	0.9209879	0.92089701	0.92116231
-46.0	0.8916527	0.89199352	0.8915208	0.89191902	0.89189559	0.89162159	0.8915208	0.89181215
-45.0	0.86222786	0.8625949	0.86207914	0.86251575	0.86249048	0.86219138	0.86207914	0.8624
-44.0	0.83277482	0.83317089	0.83260679	0.83308655	0.83305931	0.83273208	0.83260679	0.83296102
-43.0	0.80332863	0.80375677	0.8031382	0.80366695	0.80363744	0.80327857	0.8031382	0.80353051
-42.0	0.77392447	0.77438819	0.77370781	0.77429235	0.77426034	0.77386564	0.77370781	0.7741437
-41.0	0.7445972	0.74510056	0.74434996	0.74499822	0.74496347	0.74452811	0.74434996	0.74483591
-40.0	0.71538174	0.71592945	0.7150985	0.71581995	0.71578211	0.71530044	0.7150985	0.71564233
-39.0	0.68631279	0.68691021	0.685987	0.68679291	0.68675166	0.68621695	0.685987	0.686598
-38.0	0.65742487	0.65807819	0.65704834	0.65795231	0.65790725	0.6573115	0.65704834	0.65773791
-37.0	0.62875199	0.62946862	0.62831479	0.62933326	0.62928391	0.62861758	0.62831479	0.62909669
-36.0	0.60032791	0.60111642	0.59981757	0.60097069	0.60091645	0.60016799	0.59981757	0.60070878
-35.0	0.57218581	0.57305634	0.57158673	0.5728991	0.57283932	0.57199472	0.57158673	0.57260817
-34.0	0.54435831	0.5453229	0.54365051	0.5451529	0.54508686	0.54412895	0.54365051	0.54482853
-33.0	0.51687711	0.5179503	0.51603508	0.51776606	0.51769286	0.51660043	0.51603508	0.51740295
-32.0	0.48977309	0.49097231	0.48876375	0.49077222	0.49069071	0.48943743	0.48876375	0.49036393
-31.0	0.46307588	0.4644224	0.4618558	0.46420446	0.46411344	0.46266595	0.4618558	0.46374318
-30.0	0.43681362	0.43833351	0.43532506	0.43809551	0.43799341	0.43630934	0.43532506	0.43757167
-29.0	0.41101259	0.41273823	0.40917769	0.41247749	0.41236246	0.41038716	0.40917769	0.41187918
-28.0	0.38569662	0.38766849	0.38340876	0.38738191	0.38725165	0.38491377	0.38340876	0.38669425
-27.0	0.36088639	0.36315578	0.357997	0.36283964	0.36269134	0.35989627	0.357997	0.36204383
-26.0	0.33659831	0.3392309	0.33289665	0.33888078	0.33871099	0.33533132	0.33289665	0.33795273
-25.0	0.31284285	0.31592408	0.30802438	0.31553465	0.31533894	0.31120023	0.30802438	0.31444314
-24.0	0.28962243	0.29326481	0.28323805	0.2928296	0.29260245	0.28746125	0.28323805	0.29153368
-23.0	0.26692769	0.27128193	0.25830272	0.27079299	0.27052721	0.26403716	0.25830272	0.26923791
-22.0	0.24473231	0.25000346	0.23283717	0.24945094	0.2491373	0.2407954	0.23283717	0.24756251
-21.0	0.22298448	0.22945662	0.20623924	0.22882822	0.22845447	0.21751635	0.20623924	0.22650394
-20.0	0.20159432	0.2096678	0.17761652	0.20894794	0.20849769	0.19384518	0.17761652	0.20604332
-19.0	0.18041457	0.19066253	0.1458694	0.1898312	0.1892821	0.16923074	0.1458694	0.1861383
-18.0	0.15921402	0.17246534	0.11039814	0.17149653	0.1708176	0.14289536	0.11039814	0.16670953
-17.0	0.13764976	0.15509981	0.073172867	0.15395913	0.15310656	0.11402612	0.073172867	0.14761913
-16.0	0.1152733	0.13858846	0.04089006	0.1372297	0.1361402	0.082699679	0.04089006	0.12863812
-15.0	0.091691315	0.12295272	0.021081291	0.12131265	0.11989288	0.051932365	0.021081291	0.10940838
-14.0	0.067161687	0.10821283	0.013612601	0.10620333	0.10431304	0.028293673	0.013612601	0.089445837
-13.0	0.043769807	0.09438774	0.012216465	0.091883816	0.089309871	0.016159944	0.012216465	0.068379015
-12.0	0.025712803	0.081495047	0.012152126	0.078317001	0.074738614	0.012579581	0.012152126	0.046885237
-11.0	0.015926624	0.069550872	0.012139449	0.065440111	0.060405541	0.012142562	0.012139449	0.028208507
-10.0	0.012663608	0.058569726	0.012126772	0.053166319	0.046183046	0.012126772	0.012126772	0.016804358
-9.0	0.012128928	0.048564628	0.012114095	0.041430812	0.032475483	0.012114095	0.012114095	0.012766852
-8.0	0.012101417	0.039547671	0.012101417	0.03039358	0.021067241	0.012101417	0.012101417	0.012117759
-7.0	0.01208874	0.031532511	0.01208874	0.02093518	0.014445587	0.01208874	0.01208874	0.01208874
-6.0	0.012076063	0.024543371	0.012076063	0.014773102	0.012343263	0.012076063	0.012076063	0.012076063
-5.0	0.012063386	0.018646635	0.012063386	0.012438823	0.012067568	0.012063386	0.012063386	0.012063386
-4.0	0.055070002	0.083339997	0.012050709	0.079559997	0.071079999	0.012050709	0.012050709	0.051279999
-3.5	0.05243	0.079240002	0.012038032	0.073250003	0.06216	0.012038032	0.012038032	0.0065299999
-3.0	0.054749999	0.071520001	0.012025354	0.068860002	0.053029999	0.012025354	0.012025354	0.0052700001
-2.0	0.05807	0.06532	0.012012677	0.057659999	0.04634	0.01476	0.012012677	0.0042699999
-1.5	0.058329999	0.05951	0.0079800002	0.05094	0.035270002	0.01048	0.0079800002	0.00452
-1.0	0.04916	0.054370001	0.0060999999	0.043299999	0.02733	0.0075300001	0.0060999999	0.00648
0.0	0.034820002	0.032260001	0.0055499999	0.02908	0.02265	0.0072400002	0.0055499999	0.0096300002
0.5	0.03064	0.02819	0.00502	0.023530001	0.01678	0.0066300002	0.00502	0.01001
1.0	0.031780001	0.02389	0.0092799999	0.01969	0.01452	0.0082999999	0.0092799999	0.01064
1.5	0.033119999	0.025110001	0.0097599998	0.02107	0.01314	0.0090399999	0.0097599998	0.01154
2.0	0.034680001	0.026559999	0.01038	0.022609999	0.0123	0.0098799998	0.01038	0.01216
2.5	0.036499999	0.028279999	0.01136	0.02358	0.01137	0.0111	0.01136	0.01294
3.0	0.038649999	0.03032	0.01283	0.023119999	0.0090500005	0.01284	0.01283	0.01606
3.5	0.041189998	0.032790001	0.01359	0.02193	0.0088200001	0.01462	0.01359	0.01897
4.0	0.044240002	0.03579	0.01493	0.01981	0.01022	0.01606	0.01493	0.023050001
4.5	0.047839999	0.039329998	0.021199999	0.017240001	0.01199	0.018680001	0.021199999	0.040830001
5.0	0.052239999	0.041129999	0.026219999	0.016340001	0.0141	0.024909999	0.026219999	0.05345
5.5	0.05751	0.039799999	0.03325	0.020810001	0.017969999	0.030440001	0.03325	0.092610002
6.0	0.063720003	0.03328	0.04281	0.02767	0.02021	0.03757	0.04281	0.14927
6.5	0.07085	0.027240001	0.05381	0.03308	0.028899999	0.046349999	0.05381	0.16659001
7.0	0.080329999	0.036570001	0.064450003	0.05212	0.035730001	0.056109998	0.064450003	0.23209
7.5	0.06611	0.045480002	0.071309999	0.062199999	0.044629999	0.065339997	0.071309999	0.10498772
8.0	0.077629998	0.071259998	0.18235999	0.073019996	0.054740001	0.072530001	0.18235999	0.12201907
9.5	0.11407	0.15693	0.10304481	0.088529997	0.064920001	0.17115	0.10304481	0.14007559
10.0	0.12932	0.20062999	0.11988255	0.16071001	0.10666	0.084568866	0.11988255	0.15909331
10.5	0.14805	0.21084	0.13725619	0.17129	0.26945001	0.10112786	0.13725619	0.17902103
11.0	0.16147	0.22788	0.15527639	0.28475001	0.15451644	0.11813716	0.15527639	0.19981685
12.0	0.18533	0.12481813	0.17401275	0.14145707	0.17310335	0.1356989	0.17401275	0.22144525
15.0	0.24976	0.14112215	0.19350553	0.15990503	0.19252191	0.15389837	0.19350553	0.24387491
16.0	0.12891538	0.15835574	0.21377487	0.17932314	0.21276443	0.17279592	0.21377487	0.26707709
17.0	0.1485343	0.17650372	0.23482718	0.19967085	0.2338195	0.19242983	0.23482718	0.29102451
18.0	0.16850749	0.1955488	0.25665915	0.22091073	0.25567251	0.21282127	0.25665915	0.31569049
19.0	0.18895915	0.21547197	0.27926075	0.24300751	0.27830607	0.23397875	0.27926075	0.34104839
20.0	0.20997785	0.23625252	0.30261686	0.26592758	0.30170032	0.25590134	0.30261686	0.36707124
21.0	0.23162186	0.25786829	0.32670856	0.2896384	0.32583323	0.27858114	0.32670856	0.3937315
22.0	0.25392643	0.28029567	0.35151395	0.31410813	0.35068095	0.30200499	0.35151395	0.42100087
23.0	0.27690974	0.3035098	0.37700868	0.33930519	0.37621781	0.32615557	0.37700868	0.44885024
24.0	0.30057749	0.32748461	0.40316647	0.36519811	0.4024168	0.35101238	0.40316647	0.47724965
25.0	0.32492623	0.35219285	0.42995936	0.39175522	0.42924938	0.37655219	0.42995936	0.50616819
26.0	0.34994566	0.37760615	0.45735791	0.4189446	0.45668587	0.40274972	0.45735791	0.53557414
27.0	0.37562025	0.40369514	0.48533139	0.44673389	0.4846954	0.42957774	0.48533139	0.56543487
28.0	0.40193039	0.43042946	0.51384795	0.4750903	0.51324606	0.45700744	0.51384795	0.59571695
29.0	0.4288533	0.45777786	0.54287469	0.50398052	0.54230505	0.48500872	0.54287469	0.62638623
30.0	0.45636356	0.48570809	0.5723778	0.53337055	0.5718385	0.51355016	0.5723778	0.65740782
31.0	0.48443368	0.51418716	0.60232276	0.56322604	0.60181195	0.5425992	0.60232276	0.68874604
32.0	0.51303428	0.54318124	0.63267398	0.59351194	0.63219005	0.57212251	0.63267398	0.72036469
33.0	0.54213464	0.5726558	0.66339552	0.62419266	0.66293675	0.60208559	0.66339552	0.75222707
34.0	0.57170248	0.60257554	0.69445056	0.65523201	0.6940155	0.63245332	0.69445056	0.7842958
35.0	0.60170454	0.63290453	0.72580189	0.68659341	0.72538906	0.66318977	0.72580189	0.81653321
36.0	0.63210654	0.66360635	0.75741166	0.71823978	0.75701976	0.69425851	0.75741166	0.84890115
37.0	0.66287333	0.69464386	0.78924167	0.75013357	0.78886944	0.7256223	0.78924167	0.88136119
38.0	0.69396883	0.72597945	0.82125324	0.78223681	0.82089955	0.75724345	0.82125324	0.91387445
39.0	0.72535646	0.75757515	0.85340744	0.81451118	0.85307115	0.78908396	0.85340744	0.94640213
40.0	0.75699896	0.78939253	0.88566506	0.84691805	0.88534516	0.82110518	0.88566506	0.97890496
41.0	0.78885853	0.82139271	0.91798657	0.87941849	0.91768217	0.85326827	0.91798657	1.0113438
42.0	0.82089698	0.85353661	0.95033234	0.91197348	0.95004255	0.88553405	0.95033234	1.0436792
43.0	0.85307556	0.88578486	0.98266268	0.94454366	0.98238659	0.91786319	0.98266268	1.0758722
44.0	0.88535535	0.91809785	1.0149376	0.9770897	1.0146745	0.950216	1.0149376	1.1078832
45.0	0.91769719	0.95043594	1.0471176	1.009572	1.0468668	0.98255283	1.0471176	1.1396734
46.0	0.95006156	0.98275912	1.0791625	1.0419513	1.0789233	1.0148339	1.0791625	1.1712035
47.0	0.98240894	1.0150276	1.1110328	1.0741879	1.1108047	1.0470195	1.1110328	1.2024351
48.0	1.0146997	1.0472016	1.142689	1.1062425	1.1424713	1.0790697	1.142689	1.2333299
49.0	1.0468941	1.0792412	1.1740918	1.1380759	1.1738839	1.110945	1.1740918	1.2638494
50.0	1.0789523	1.1111064	1.205202	1.1696492	1.2050035	1.1426058	1.205202	1.2939562
51.0	1.1108351	1.142758	1.2359809	1.2009234	1.2357912	1.1740128	1.2359809	1.3236129
52.0	1.1425028	1.1741564	1.26639	1.23186	1.2662088	1.205127	1.26639	1.3527828
53.0	1.1739161	1.2052627	1.2963914	1.262421	1.2962182	1.2359097	1.2963914	1.3814298
54.0	1.2050362	1.236038	1.3259475	1.2925686	1.3257819	1.2663224	1.3259475	1.4095181
55.0	1.2358243	1.2664436	1.3550214	1.3222655	1.354863	1.2963272	1.3550214	1.4370128
56.0	1.266242	1.2964419	1.3835765	1.3514748	1.3834251	1.3258865	1.3835765	1.4638796
57.0	1.2962514	1.3259951	1.411577	1.3801605	1.4114321	1.3549633	1.411577	1.4900849
58.0	1.3258151	1.3550663	1.4389877	1.4082866	1.4388492	1.3835213	1.4389877	1.515596
59.0	1.3548959	1.3836188	1.4657742	1.4358184	1.4656416	1.4115244	1.4657742	1.5403811
60.0	1.3834577	1.4116169	1.4919027	1.4627215	1.4917758	1.4389377	1.4919027	1.5644089
61.0	1.4114643	1.4390255	1.5173402	1.4889624	1.5172187	1.4657265	1.5173402	1.5876493
62.0	1.4388809	1.4658099	1.5420548	1.5145082	1.5419384	1.4918573	1.5420548	1.6100733
63.0	1.4656729	1.4919364	1.566015	1.5393273	1.5659037	1.5172969	1.566015	1.6316527
64.0	1.4918065	1.5173721	1.5891907	1.5633882	1.5890841	1.5420134	1.5891907	1.6523602
65.0	1.5172489	1.5420849	1.6115527	1.586661	1.6114506	1.5659757	1.6115527	1.6721699
66.0	1.5419679	1.5660436	1.6330726	1.6091166	1.6329747	1.5891532	1.6330726	1.6910568
67.0	1.5659325	1.5892179	1.653723	1.6307267	1.6536293	1.6115168	1.653723	1.7089972
68.0	1.5891123	1.6115783	1.6734779	1.6514642	1.6733881	1.6330384	1.6734779	1.7259684
69.0	1.6114781	1.6330968	1.6923122	1.6713033	1.6922263	1.6536903	1.6923122	1.7419488
70.0	1.6330016	1.653746	1.7102021	1.6902186	1.7101197	1.6734468	1.7102021	1.7569185
71.0	1.6536554	1.6734998	1.7271247	1.7081866	1.7270458	1.6922826	1.7271247	1.7708586
72.0	1.6734135	1.692333	1.7430587	1.7251848	1.7429831	1.7101737	1.7430587	1.7837515
73.0	1.692251	1.7102218	1.7579837	1.7411916	1.7579113	1.7270976	1.7579837	1.7955807
74.0	1.7101437	1.7271434	1.7718807	1.756187	1.7718114	1.7430328	1.7718807	1.8063315
75.0	1.7270691	1.7430764	1.7847323	1.7701519	1.7846658	1.7579589	1.7847323	1.8159902
76.0	1.7430058	1.7580005	1.7965219	1.7830689	1.7964582	1.7718571	1.7965219	1.8245447
77.0	1.7579333	1.7718968	1.8072345	1.7949216	1.8071735	1.7847097	1.8072345	1.8319842
78.0	1.7718327	1.7847475	1.8168565	1.8056953	1.8167981	1.7965003	1.8168565	1.8382993
79.0	1.7846864	1.7965363	1.8253758	1.8153763	1.8253198	1.8072139	1.8253758	1.8434819
80.0	1.7964782	1.8072482	1.8327813	1.8239524	1.8327277	1.8168368	1.8327813	1.8475257
81.0	1.8071928	1.8168696	1.8390636	1.8314129	1.8390124	1.825357	1.8390636	1.8504255
82.0	1.8168168	1.8253882	1.844215	1.8377483	1.8441658	1.8327633	1.844215	1.8521779
83.0	1.8253379	1.8327931	1.8482286	1.8429508	1.8481815	1.8390465	1.8482286	1.8527805
84.0	1.8327452	1.8390749	1.8510994	1.8470138	1.8510543	1.8441986	1.8510994	1.8522326
85.0	1.8390293	1.8442256	1.8528237	1.8499323	1.8527806	1.848213	1.8528237	1.8505352
86.0	1.8441821	1.8482387	1.8533994	1.8517027	1.8533581	1.8510844	1.8533994	1.8476903
87.0	1.8481973	1.851109	1.8528258	1.8523228	1.8527863	1.8528094	1.8528258	1.8437018
88.0	1.8510696	1.8528329	1.8511034	1.8517921	1.8510656	1.8533858	1.8511034	1.8385748
89.0	1.8527952	1.8534081	1.8482347	1.8501111	1.8481985	1.8528126	1.8482347	1.8323157
90.0	1.8533723	1.852834	1.844223	1.8472824	1.8441885	1.8510909	1.844223	1.8249328
