-180.0	0.0027392288	0.0015140437	-0.10807604	-0.067577757	-0.11029541	-0.10905049	-0.10723682
-179.0	0.088344134	0.16186093	-0.037984964	0.06597542	-0.017014427	-0.061230134	-0.016209925
-178.0	0.17391421	0.32218787	0.017314134	0.19804972	0.067073718	-0.01983192	0.072449274
-177.0	0.25857982	0.48035091	0.059837118	0.31979963	0.13357589	0.016963473	0.15252344
-176.0	0.33840716	0.621436	0.093213066	0.41127822	0.17795031	0.050491445	0.21468782
-175.0	0.40517479	0.71168685	0.12090576	0.45329797	0.20316137	0.081675939	0.25269189
-174.0	0.44956261	0.72342968	0.14543045	0.44858316	0.21677445	0.11113004	0.26919022
-173.0	0.4686712	0.67239845	0.16833179	0.42025515	0.2258365	0.13924685	0.27338621
-172.0	0.46953586	0.60263777	0.19044298	0.39018723	0.23458807	0.1662696	0.27413478
-171.0	0.46342286	0.54482377	0.21215291	0.36855337	0.24481919	0.1923421	0.27646667
-170.0	0.45869276	0.50753713	0.23359923	0.35708013	0.25691777	0.21754332	0.28211406
-169.0	0.45896837	0.48846647	0.25478828	0.35415983	0.27065614	0.24191067	0.29107493
-168.0	0.46474838	0.4828468	0.27566385	0.35755515	0.28561047	0.26545545	0.30271131
-167.0	0.47521695	0.4864918	0.29614466	0.36532262	0.3013449	0.28817308	0.31627464
-166.0	0.48925352	0.49633753	0.31614357	0.37598497	0.31747758	0.31004971	0.33109927
-165.0	0.50583237	0.51026827	0.33557701	0.38847229	0.33369529	0.33106661	0.34664875
-164.0	0.52412689	0.52684295	0.35436931	0.4020212	0.34974891	0.35120296	0.36250803
-163.0	0.54350334	0.54507434	0.37245396	0.41608697	0.36544317	0.37043783	0.37836143
-162.0	0.56348407	0.56427628	0.38977379	0.43027833	0.38062608	0.38875115	0.39396998
-161.0	0.58370936	0.5839625	0.4062804	0.44431168	0.39517978	0.40612465	0.40915284
-160.0	0.60390645	0.60378122	0.4219335	0.45797929	0.40901315	0.42254218	0.42377269
-159.0	0.62386578	0.62347233	0.43669999	0.47112784	0.42205626	0.43799007	0.43772516
-158.0	0.64342403	0.64283955	0.45055318	0.48364326	0.43425581	0.45245719	0.45093089
-157.0	0.66245186	0.6617313	0.46347222	0.49544069	0.44557199	0.46593505	0.46332979
-156.0	0.6808455	0.68002856	0.47544143	0.50645685	0.4559758	0.47841781	0.4748767
-155.0	0.69851995	0.69763595	0.48644969	0.51664513	0.46544725	0.4899022	0.48553839
-154.0	0.71540517	0.71447581	0.49649003	0.52597165	0.47397369	0.50038737	0.49529111
-153.0	0.73144233	0.73048407	0.50555927	0.53441268	0.4815487	0.50987506	0.50411892
-152.0	0.74658185	0.74560714	0.51365769	0.54195261	0.48817122	0.51836932	0.51201218
-151.0	0.76078135	0.75979978	0.52078855	0.54858243	0.49384469	0.52587628	0.51896679
-150.0	0.77400458	0.77302349	0.52695805	0.55429858	0.49857649	0.53240442	0.52498311
-149.0	0.78622031	0.78524554	0.53217494	0.55910182	0.50237757	0.53796405	0.53006542
-148.0	0.79740173	0.7964378	0.53645033	0.5629971	0.50526172	0.54256761	0.53422147
-147.0	0.80752587	0.80657631	0.53979754	0.56599236	0.50724548	0.54622906	0.53746182
-146.0	0.81657302	0.81564063	0.5422318	0.56809855	0.50834781	0.54896432	0.53979981
-145.0	0.82452667	0.82361364	0.54377025	0.56932896	0.50858968	0.55079067	0.54125088
-144.0	0.83137304	0.83048105	0.54443163	0.56969905	0.50799394	0.55172694	0.54183263
-143.0	0.83710092	0.83623135	0.54423612	0.56922621	0.50658494	0.55179328	0.54156435
-142.0	0.84170157	0.84085542	0.54320532	0.56792927	0.50438857	0.55101109	0.54046702
-141.0	0.84516847	0.84434652	0.54136211	0.56582874	0.50143188	0.54940283	0.53856295
-140.0	0.84749728	0.84670013	0.5387302	0.56294608	0.49774295	0.546992	0.53587556
-139.0	0.84868586	0.84791392	0.53533453	0.55930412	0.49335074	0.54380298	0.53242952
-138.0	0.84873396	0.84798741	0.53120059	0.55492634	0.48828495	0.5398609	0.52825022
-137.0	0.84764326	0.84692228	0.52635473	0.54983711	0.48257586	0.53519166	0.52336389
-136.0	0.84541726	0.84472197	0.5208239	0.54406148	0.47625411	0.52982157	0.51779735
-135.0	0.84206146	0.84139174	0.51463532	0.5376249	0.46935067	0.52377754	0.51157808
-134.0	0.83758289	0.83693862	0.50781679	0.53055334	0.46189669	0.51708674	0.50473362
-133.0	0.83199042	0.83137143	0.50039619	0.52287304	0.45392331	0.50977665	0.49729204
-132.0	0.82529449	0.82470053	0.49240157	0.51461035	0.44546163	0.50187486	0.48928148
-131.0	0.81750727	0.81693804	0.48386106	0.50579178	0.43654251	0.49340922	0.48073009
-130.0	0.80864227	0.80809742	0.47480276	0.4964439	0.42719656	0.48440731	0.47166604
-129.0	0.79871464	0.79819393	0.46525458	0.4865931	0.41745391	0.47489676	0.46211728
-128.0	0.78774112	0.78724402	0.45524421	0.47626564	0.40734431	0.46490499	0.4521116
-127.0	0.77573961	0.77526575	0.44479907	0.46548757	0.39689684	0.4544591	0.44167644
-126.0	0.76272953	0.7622785	0.43394613	0.45428461	0.3861399	0.44358596	0.43083882
-125.0	0.74873161	0.74830294	0.422712	0.44268215	0.37510121	0.43231198	0.4196254
-124.0	0.73376787	0.73336101	0.41112265	0.4307051	0.36380759	0.42066309	0.40806222
-123.0	0.71786147	0.71747601	0.39920363	0.41837788	0.35228509	0.40866467	0.3961747
-122.0	0.70103687	0.70067221	0.38697967	0.40572444	0.34055871	0.39420468	0.38398772
-121.0	0.68331951	0.68297517	0.37447497	0.39276809	0.32865253	0.38165063	0.37152535
-120.0	0.66473597	0.66441149	0.3617129	0.3795315	0.31658953	0.36881632	0.35881099
-119.0	0.64531386	0.64500868	0.34871611	0.36603674	0.30439171	0.35572481	0.34586719
-118.0	0.62508184	0.62479544	0.33550638	0.35230511	0.29207987	0.34239826	0.33271572
-117.0	0.60406929	0.60380113	0.32210475	0.33835727	0.2796737	0.32885811	0.31937745
-116.0	0.58230662	0.58205622	0.30730727	0.32421312	0.26719177	0.31512493	0.30587244
-115.0	0.55982506	0.55959189	0.29362059	0.30989173	0.2546514	0.30121854	0.29221979
-114.0	0.53665644	0.53643996	0.27979758	0.2954115	0.24206883	0.28715777	0.27843773
-113.0	0.51283342	0.51263314	0.26585576	0.28078994	0.22945905	0.27296072	0.2645435
-112.0	0.48838928	0.48820475	0.25181177	0.26604387	0.21606018	0.25864455	0.25055355
-111.0	0.46335793	0.46318862	0.23768131	0.25118929	0.2034598	0.24422552	0.23648325
-110.0	0.43777376	0.43761921	0.22347918	0.2362414	0.19086879	0.22971909	0.22170216
-109.0	0.4116717	0.41153142	0.20921928	0.22065219	0.17829761	0.21513982	0.20753172
-108.0	0.38445976	0.38445032	0.19491456	0.20557587	0.16575558	0.20050143	0.19332063
-107.0	0.35744357	0.35744572	0.1805772	0.1904462	0.15325098	0.18581681	0.17908083
-106.0	0.33001557	0.33002898	0.16621846	0.17527543	0.14079101	0.17109805	0.16482334
-105.0	0.30221215	0.3022365	0.15184881	0.16007507	0.12838186	0.15635644	0.15055838
-104.0	0.27406991	0.27410489	0.1374779	0.14485596	0.11602876	0.14160252	0.13629536
-103.0	0.2456256	0.24567094	0.12311467	0.12962827	0.10373604	0.12684608	0.12204296
-102.0	0.2169161	0.21697155	0.10876729	0.11440153	0.091507152	0.11209624	0.10780907
-101.0	0.18797836	0.18804365	0.094443269	0.09918467	0.079344712	0.097361468	0.093600929
-100.0	0.15884934	0.15892425	0.080149479	0.083986066	0.067250624	0.082649574	0.079425134
-99.0	0.12956597	0.12965031	0.065892182	0.06881354	0.055226069	0.067967825	0.065287672
-98.0	0.1001651	0.10025869	0.051677104	0.053674437	0.043271594	0.053322919	0.051193956
-97.0	0.07068345	0.070786148	0.03750946	0.038575642	0.031387188	0.038721096	0.03714893
-96.0	0.041157581	0.041269243	0.023394007	0.023523627	0.019572331	0.024168126	0.023157051
-95.0	0.011623817	0.011744341	0.0093351044	0.0085244933	0.0078260656	0.0096693942	0.0092223883
-94.0	-0.017881764	-0.017752459	-0.004663243	-0.0064159846	-0.0038529374	-0.0047700685	-0.0046513495
-93.0	-0.047323395	-0.047185365	-0.018597327	-0.021292318	-0.015466305	-0.01914553	-0.018460751
-92.0	-0.076665647	-0.076518923	-0.032463692	-0.036099259	-0.027015902	-0.033452511	-0.032202646
-91.0	-0.10587348	-0.10571808	-0.046259072	-0.050831761	-0.038503751	-0.047686726	-0.04587407
-90.0	-0.1349123	-0.13474818	-0.059980348	-0.065484926	-0.049931981	-0.061844051	-0.059472181
-89.0	-0.16374792	-0.16357507	-0.073624484	-0.080053963	-0.061302736	-0.075920455	-0.07299424
-88.0	-0.19234672	-0.19216505	-0.08718849	-0.094534166	-0.072618134	-0.089911968	-0.086437531
-87.0	-0.22067559	-0.22048499	-0.10066935	-0.10892083	-0.083880186	-0.10381461	-0.09979932
-86.0	-0.24870194	-0.24850233	-0.11406402	-0.12320927	-0.095090739	-0.11762438	-0.11307682
-85.0	-0.27639386	-0.27618507	-0.1273693	-0.1373947	-0.1062514	-0.13133717	-0.12626712
-84.0	-0.30372006	-0.3035019	-0.14058188	-0.15147226	-0.11736351	-0.14494875	-0.13936713
-83.0	-0.33064985	-0.33042216	-0.15369819	-0.16543695	-0.12842803	-0.15845472	-0.15237358
-82.0	-0.3571533	-0.35691586	-0.16671449	-0.17928363	-0.13944554	-0.17185046	-0.16528292
-81.0	-0.38320115	-0.38295373	-0.17962669	-0.19300692	-0.1504162	-0.18513109	-0.17809135
-80.0	-0.40876496	-0.40850726	-0.19243041	-0.20660122	-0.16133958	-0.19829144	-0.19079466
-79.0	-0.43381694	-0.43354872	-0.20512091	-0.22006066	-0.17221479	-0.21132605	-0.20338836
-78.0	-0.45833024	-0.45805115	-0.21769305	-0.23337908	-0.18304029	-0.22422904	-0.2158675
-77.0	-0.48227873	-0.48198843	-0.23014127	-0.24654998	-0.19381396	-0.23699422	-0.22822674
-76.0	-0.50563711	-0.50533527	-0.24245955	-0.25956655	-0.20453295	-0.24961494	-0.2404602
-75.0	-0.52838099	-0.52806717	-0.25464141	-0.27242154	-0.21519378	-0.26208413	-0.25256163
-74.0	-0.55048686	-0.55016071	-0.26667991	-0.28510746	-0.22579217	-0.27439427	-0.26452416
-73.0	-0.57193202	-0.57159305	-0.27856749	-0.29761624	-0.23632315	-0.28653738	-0.27634048
-72.0	-0.5926947	-0.59234256	-0.29029617	-0.30993953	-0.24678096	-0.29850498	-0.2880027
-71.0	-0.61275417	-0.61238831	-0.30185741	-0.32206848	-0.25715902	-0.3102881	-0.29950234
-70.0	-0.63209051	-0.63171041	-0.31324205	-0.33399385	-0.26745003	-0.32187727	-0.31083047
-69.0	-0.65068471	-0.65028989	-0.32444045	-0.34570596	-0.27764583	-0.33326253	-0.3219775
-68.0	-0.6685189	-0.66810876	-0.33544242	-0.3571946	-0.2877374	-0.3444334	-0.33293325
-67.0	-0.68557596	-0.68514991	-0.34623715	-0.36844927	-0.29771504	-0.3553789	-0.34368712
-66.0	-0.70183992	-0.70139736	-0.35681337	-0.3794589	-0.30756816	-0.36608753	-0.35422778
-65.0	-0.71729565	-0.71683598	-0.36715925	-0.39021209	-0.31728539	-0.37654734	-0.36454347
-64.0	-0.73192918	-0.73145163	-0.37726235	-0.40069693	-0.32685462	-0.3867459	-0.37462184
-63.0	-0.7457273	-0.74523121	-0.38710988	-0.41090116	-0.33626288	-0.39667031	-0.38445002
-62.0	-0.75867802	-0.75816262	-0.3966884	-0.4208121	-0.34549659	-0.40630722	-0.39401469
-61.0	-0.77077025	-0.7702347	-0.40598416	-0.43041667	-0.35454139	-0.41564286	-0.40330201
-60.0	-0.78199393	-0.7814374	-0.41498289	-0.43970147	-0.36338228	-0.42466313	-0.4122977
-59.0	-0.79233992	-0.79176158	-0.42366987	-0.44865277	-0.37200353	-0.43335348	-0.42098701
-58.0	-0.80180031	-0.80119908	-0.43203014	-0.45725653	-0.38038889	-0.44169912	-0.42935494
-57.0	-0.810368	-0.80974281	-0.44004831	-0.46549839	-0.38852152	-0.44968489	-0.43738604
-56.0	-0.81803691	-0.81738669	-0.4477087	-0.47336373	-0.39638403	-0.45729545	-0.44506451
-55.0	-0.82480216	-0.82412565	-0.45499539	-0.48083782	-0.40395865	-0.46451515	-0.45237446
-54.0	-0.83065969	-0.82995552	-0.46189228	-0.48790565	-0.41122711	-0.47132832	-0.45929959
-53.0	-0.83560652	-0.83487326	-0.46838313	-0.49455211	-0.41817084	-0.47771907	-0.46582362
-52.0	-0.83964074	-0.83887672	-0.47445157	-0.50076199	-0.42477095	-0.48367146	-0.47193
-51.0	-0.8427614	-0.8419649	-0.48008123	-0.50652009	-0.43100837	-0.4891696	-0.47760227
-50.0	-0.84496868	-0.84413761	-0.48525575	-0.51181108	-0.43686387	-0.49419761	-0.48282394
-49.0	-0.84626365	-0.8453958	-0.48995885	-0.51661986	-0.4423182	-0.49873978	-0.4875786
-48.0	-0.84664851	-0.84574139	-0.49417454	-0.52093124	-0.44735211	-0.50278062	-0.49185008
-47.0	-0.8461265	-0.84517717	-0.49788699	-0.52473044	-0.45194641	-0.5063048	-0.4956224
-46.0	-0.84470189	-0.84370714	-0.50108075	-0.52800268	-0.45608225	-0.50929761	-0.49888
-45.0	-0.84238005	-0.84133619	-0.50374091	-0.53073364	-0.45974106	-0.51174462	-0.50160772
-44.0	-0.83916748	-0.83807015	-0.50585306	-0.53290939	-0.46290478	-0.51363206	-0.50379097
-43.0	-0.8350718	-0.83391607	-0.50740355	-0.53451633	-0.46555591	-0.51494682	-0.5054161
-42.0	-0.83010179	-0.82888186	-0.50837964	-0.53554165	-0.46767777	-0.51567674	-0.50646996
-41.0	-0.82426751	-0.82297659	-0.50876951	-0.53597313	-0.4692547	-0.51581067	-0.50694084
-40.0	-0.81758022	-0.81621045	-0.50856286	-0.53579921	-0.47027221	-0.51533872	-0.506818
-39.0	-0.81005269	-0.80859458	-0.50775075	-0.53500944	-0.47071728	-0.51425248	-0.50609255
-38.0	-0.8016991	-0.80014145	-0.50632614	-0.53359449	-0.47057876	-0.51254529	-0.50475729
-37.0	-0.79253536	-0.79086477	-0.50428432	-0.53154629	-0.46984768	-0.51021284	-0.50280738
-36.0	-0.78257912	-0.78077948	-0.50162333	-0.5288583	-0.4685179	-0.50725323	-0.5002408
-35.0	-0.77185029	-0.76990199	-0.49834475	-0.52552587	-0.46658668	-0.50366807	-0.49705908
-34.0	-0.76037091	-0.75825024	-0.49445438	-0.52154654	-0.46405566	-0.49946305	-0.49326816
-33.0	-0.74816632	-0.74584389	-0.48996365	-0.51692063	-0.46093196	-0.49464893	-0.48887959
-32.0	-0.7352649	-0.73270476	-0.48489106	-0.51165164	-0.45722979	-0.48924318	-0.48391214
-31.0	-0.7216996	-0.71885669	-0.47926432	-0.5057472	-0.45297265	-0.48327193	-0.47839397
-30.0	-0.7075085	-0.70432639	-0.47312355	-0.4992201	-0.44819632	-0.47677258	-0.47236586
-29.0	-0.69273645	-0.68914366	-0.46652529	-0.49208963	-0.44295305	-0.46979797	-0.46588549
-28.0	-0.67743719	-0.67334247	-0.45954889	-0.48438349	-0.43731788	-0.46242172	-0.45903373
-27.0	-0.66167593	-0.6569615	-0.45230532	-0.47614059	-0.43139738	-0.4547464	-0.45192397
-26.0	-0.64553338	-0.64004594	-0.44495064	-0.46741462	-0.42534313	-0.44691563	-0.44471571
-25.0	-0.62911171	-0.62264884	-0.43770617	-0.45827955	-0.41937181	-0.43913212	-0.43763551
-24.0	-0.61254221	-0.6048342	-0.43088949	-0.44883728	-0.41379619	-0.43168554	-0.43100893
-23.0	-0.59599811	-0.58668017	-0.42496336	-0.43922928	-0.40907392	-0.42499569	-0.42531076
-22.0	-0.57971221	-0.56828469	-0.42061293	-0.42965391	-0.40588519	-0.41968149	-0.42124492
-21.0	-0.56400484	-0.54977262	-0.41887027	-0.42039311	-0.4052577	-0.41667128	-0.41987282
-20.0	-0.54932624	-0.53130734	-0.42131418	-0.41185421	-0.40876895	-0.41738102	-0.42281893
-19.0	-0.53632289	-0.51310748	-0.4303835	-0.40463671	-0.41886616	-0.42399746	-0.43259206
-18.0	-0.52594095	-0.49547309	-0.44982964	-0.39964101	-0.43933684	-0.43990359	-0.45304283
-17.0	-0.51958758	-0.47882587	-0.48520762	-0.39824736	-0.47584587	-0.47020632	-0.48983634
-16.0	-0.51937234	-0.46377429	-0.5437727	-0.40261197	-0.53593242	-0.52195477	-0.55023623
-15.0	-0.52843308	-0.45121863	-0.6315757	-0.41614547	-0.62623924	-0.60239011	-0.63983911
-14.0	-0.55123794	-0.44252506	-0.7433446	-0.44421867	-0.74220681	-0.71112162	-0.75185931
-13.0	-0.59335393	-0.43981433	-0.84666216	-0.49489713	-0.85084945	-0.82395446	-0.85180628
-12.0	-0.659127	-0.44643563	-0.88926035	-0.57838744	-0.89663726	-0.88903284	-0.88810915
-11.0	-0.7444641	-0.46769002	-0.84919578	-0.70049804	-0.85504889	-0.86985302	-0.8429684
-10.0	-0.82579607	-0.5116846	-0.75462896	-0.84206986	-0.75578785	-0.78412032	-0.74658531
-9.0	-0.86313695	-0.58922452	-0.64195192	-0.93784577	-0.6376617	-0.67159039	-0.63407105
-8.0	-0.83347201	-0.70832449	-0.52730542	-0.92043382	-0.51756883	-0.55479836	-0.51999778
-7.0	-0.75236726	-0.85375947	-0.41265476	-0.80167586	-0.39747274	-0.43794855	-0.40592304
-6.0	-0.64953488	-0.95852649	-0.29800406	-0.64117151	-0.27737665	-0.32109877	-0.29184833
-5.0	-0.54263067	-0.93966806	-0.18335339	-0.47427824	-0.15728053	-0.20424896	-0.17777359
-4.0	-0.40650001	-0.37869999	-0.041200001	-0.2577	-0.036499999	-0.0363	-0.044599999
-3.5	-0.36610001	-0.33129999	0.0133	-0.1851	0.021500001	0.016899999	0.0102
-3.0	-0.3202	-0.28290001	0.067199998	-0.1045	0.075900003	0.070799999	0.065399997
-2.5	-0.2701	-0.2334	0.122	-0.037	0.1286	0.1246	0.1205
-2.0	-0.21690001	-0.18269999	0.1769	0.039099999	0.1785	0.1788	0.17560001
-1.5	-0.17030001	-0.1347	0.23109999	0.112	0.2297	0.2309	0.23109999
-1.0	-0.088500001	-0.0801	0.28420001	0.2105	0.27419999	0.28420001	0.285
-0.5	-0.0458	-0.046700001	0.338	0.29370001	0.33469999	0.3353	0.33860001
0.0	-0.0076000001	-0.0068999999	0.3899	0.36059999	0.44319999	0.38	0.3926
0.5	0.029200001	0.0836	0.43689999	0.42469999	0.49270001	0.44159999	0.44409999
1.0	0.0647	0.1903	0.49239999	0.486	0.54210001	0.5438	0.49020001
1.5	0.098700002	0.26679999	0.58240002	0.54509997	0.59140003	0.59350002	0.5499
2.0	0.1312	0.34	0.64450002	0.6027	0.64069998	0.6426	0.6376
2.5	0.1618	0.41080001	0.69279999	0.66030002	0.68970001	0.69139999	0.69510001
3.0	0.19050001	0.47909999	0.74089998	0.71990001	0.7378	0.73890001	0.74250001
3.5	0.2175	0.55140001	0.7863	0.76819998	0.78539997	0.78579998	0.78600001
4.0	0.2431	0.61220002	0.83069998	0.81999999	0.83209997	0.83069998	0.83240002
4.5	0.26809999	0.65149999	0.87769997	0.87080002	0.87699997	0.87550002	0.88129997
5.0	0.29260001	0.70929998	0.92690003	0.92089999	0.92040002	0.92189997	0.93159997
5.5	0.31690001	0.75029999	0.97670001	0.97180003	0.9648	0.9698	1.0332
6.0	0.34110001	0.75910002	1.0269001	1.0172	1.0108	1.0188	1.0833
6.5	0.36480001	0.7852	1.0766	1.0628999	1.0571001	1.0674	1.1327
7.0	0.38800001	0.81830001	1.1259	1.1081001	1.1034	1.1154	1.1784
7.5	0.41060001	0.87419999	1.1744	1.1551	1.1482	1.163	1.217
8.5	0.45370001	0.86320001	1.2156	1.1957	1.1899	1.2084	1.257
9.0	0.47389999	0.87709999	1.2517999	1.2376	1.2308	1.2491	1.2994
9.5	0.4932	1.1466	1.2905999	1.2732	1.2689	1.281	1.3349
10.5	0.59210002	1.2067	1.3293	1.3004	1.2987	1.3123	1.355
11.0	0.61970001	1.2466	1.3549	1.318	1.3196	1.3439	1.3861001
12.0	0.68940002	1.2106	1.3732001	1.3298	1.3405	1.3716	1.4152
12.5	0.69849998	0.92540002	1.3990999	1.341	1.3627	1.3803999	1.4434
13.0	0.47670001	0.94639999	1.4206001	1.3545001	1.3844	1.4023	1.4677
13.5	0.49559999	0.94779998	1.4391	1.3633	1.3975	1.4198999	1.4874001
14.0	0.50239998	0.96869999	1.4579	1.3665	1.3966	1.4313999	1.497
14.5	0.51270002	0.65799999	1.4726	1.3591	1.3933001	1.4355	1.4931999
15.0	0.7985	0.99059999	1.4822	1.3398	1.3836	1.4304	1.5072
15.5	0.81580001	0.90198487	1.4861	1.3152	1.3672	1.4136	1.5156
16.0	0.83590001	0.89000452	1.4807	1.2993	1.3474	1.3983001	1.5184
16.5	0.86180001	0.881073	1.4629	1.2927001	1.3328	1.3983999	1.516
17.0	0.87449998	0.87479454	1.4325	1.2908	1.3250999	1.3914	1.5077
18.0	0.91060001	0.87079233	1.4087	1.279	1.3163	1.3792	1.4944
18.5	0.93760002	0.86871737	1.3993	1.2654001	1.3071001	1.3648	1.4761
19.0	0.94870001	0.8682521	1.3859	1.2558	1.2957	1.3493	1.4542
19.5	0.96039999	0.86911094	1.3702	1.2388999	1.281	1.3336999	1.4294
20.0	0.9795	0.87103909	1.3538001	0.99400002	1.2634	1.3176	1.4042
21.0	0.57593268	0.87381005	1.3371	0.98509997	1.2419	1.3025	1.3789001
22.0	0.5930593	0.87722325	1.3207999	1.3478719	1.2142	1.2873	1.3566
23.0	0.61031747	0.88110107	1.3053	1.341283	1.1746	1.2726001	1.3380001
24.0	0.62756038	0.88528651	1.2911	1.3354688	1.44134	1.2587	-14.617541
25.0	0.64466661	0.88964057	1.368481	1.330609	1.4359533	1.379146	-14.526281
26.0	0.66153455	0.89404005	1.3506805	1.3268018	1.4308659	1.364086	-14.435021
27.0	0.67807835	0.89837587	1.3348562	1.3240823	1.4263532	1.3504591	-14.343761
28.0	0.69422472	0.90255105	1.3212786	1.322437	1.4225975	1.3385577	-14.252502
29.0	0.70991051	0.90647924	1.310047	1.321817	1.4197041	1.3285246	-14.161242
30.0	0.72508067	0.91008377	1.301136	1.3221467	1.4177159	1.3203881	-14.069983
31.0	0.73968691	0.9132961	1.2944332	1.3233324	1.416628	1.3140943	-13.978723
32.0	0.75368643	0.9160552	1.2897693	1.3252686	1.4163982	1.3095312	-13.887463
33.0	0.76704109	0.91830653	1.2869413	1.3278424	1.4169569	1.3065494	-13.796204
34.0	0.77971661	0.92000127	1.2857286	1.3309367	1.4182153	1.3049769	-13.704944
35.0	0.79168206	0.92109597	1.2859052	1.334434	1.4200711	1.3046302	-13.613684
36.0	0.80290949	0.92155176	1.2872475	1.3382175	1.4224139	1.3053221	-13.522424
37.0	0.81337333	0.92133415	1.2895395	1.342173	1.4251288	1.3068675	-13.431164
38.0	0.82305032	0.92041224	1.2925758	1.3461893	1.4280994	1.309087	-13.339905
39.0	0.83191931	0.91875899	1.2961637	1.3501596	1.4312098	1.3118094	-13.248645
40.0	0.83996099	0.91635025	1.3001237	1.353982	1.4343463	1.3148727	-13.157385
41.0	0.8471576	0.91316503	1.3042896	1.3575586	1.437399	1.3181251	-13.066125
42.0	0.85349315	0.90918499	1.3085083	1.3607974	1.4402617	1.321425	-12.974865
43.0	0.85895294	0.90439451	1.312639	1.3636107	1.4428331	1.3246408	-12.883605
44.0	0.86352396	0.89878017	1.3165529	1.3659163	1.445017	1.327651	-12.792346
45.0	0.86719429	0.89233094	1.3201317	1.3676364	1.4467223	1.3303435	-12.701086
46.0	0.86995345	0.8850379	1.3232675	1.3686987	1.4478631	1.3326147	-12.609826
47.0	0.87179226	0.87689418	1.3258617	1.3690349	1.448359	1.3343698	-12.518566
48.0	0.87270278	0.86789483	1.3278246	1.3685818	1.4481348	1.3355215	-12.427306
49.0	0.8726781	0.8580367	1.329074	1.3672802	1.44712	1.3359898	-12.336047
50.0	0.8717128	0.84731847	1.3295355	1.3650757	1.4452494	1.3357018	-12.244787
51.0	0.86980253	0.83574057	1.3291413	1.3619177	1.4424629	1.3345907	-12.153527
52.0	0.86694407	0.82330507	1.3278296	1.3577598	1.4387046	1.3325958	-12.062267
53.0	0.8631354	0.81001556	1.3255452	1.3525597	1.4339236	1.329662	-11.971007
54.0	0.85837573	0.79587728	1.3222377	1.3462784	1.428073	1.3257391	-11.879748
55.0	0.85266536	0.78089696	1.3178622	1.3388814	1.4211106	1.3207824	-11.788488
56.0	0.8460058	0.76508284	1.3123782	1.3303373	1.4129982	1.3147516	-11.697228
57.0	0.83839971	0.74844456	1.3057503	1.3206183	1.4037015	1.3076108	-11.605968
58.0	0.82985091	0.73099315	1.2979469	1.3097004	1.3931906	1.2993282	-11.514709
59.0	0.82036436	0.71274108	1.2889409	1.2975627	1.3814389	1.2898763	-11.423449
60.0	0.80994612	0.6937021	1.2787087	1.2841878	1.3684238	1.2792313	-11.33219
61.0	0.79860365	0.67389131	1.2672307	1.2695615	1.3541265	1.2673732	-11.24093
62.0	0.78634524	0.65332508	1.2544909	1.253673	1.3385313	1.2542853	-11.14967
63.0	0.77318054	0.63202113	1.2404766	1.2365144	1.3216263	1.2399547	-11.05841
64.0	0.75912035	0.60999823	1.2251785	1.218081	1.3034033	1.2243714	-10.96715
65.0	0.74417645	0.58727652	1.2085907	1.1983714	1.2838566	1.2075291	-10.875891
66.0	0.7283619	0.56387722	1.1907103	1.1773869	1.2629848	1.189424	-10.784631
67.0	0.7116909	0.53982276	1.1715374	1.1551318	1.2407887	1.1700562	-10.693371
68.0	0.6941787	0.51513672	1.1510752	1.1316137	1.217273	1.1494281	-10.602111
69.0	0.67584181	0.48984364	1.1293299	1.1068426	1.192445	1.1275452	-10.510851
70.0	0.65669763	0.46396923	1.1063105	1.0808316	1.1663156	1.1044159	-10.419592
71.0	0.63676488	0.4375402	1.0820286	1.0535965	1.1388979	1.0800512	-10.328332
72.0	0.6160633	0.41058427	1.0564986	1.0251559	1.1102085	1.0544649	-10.237072
73.0	0.59461361	0.3831301	1.0297379	0.99553102	1.0802667	1.0276737	-10.145812
74.0	0.57243776	0.35520729	1.0017661	0.9647457	1.0490944	0.99969649	-10.054552
75.0	0.54955858	0.32684639	0.97260547	0.93282646	1.0167165	0.97055489	-9.9632931
76.0	0.52600008	0.29807872	0.94228071	0.89980227	0.9831605	0.94027293	-9.8720331
77.0	0.50178719	0.26893649	0.91081917	0.8657046	0.94845629	0.90887719	-9.7807732
78.0	0.47694588	0.23945266	0.87825042	0.83056724	0.9126367	0.87639642	-9.6895132
79.0	0.45150307	0.20966096	0.84460634	0.79442644	0.87573665	0.84286177	-9.5982533
80.0	0.42548659	0.17959584	0.80992115	0.7573207	0.83779383	0.80830669	-9.5069933
81.0	0.39892524	0.14929235	0.77423114	0.71929067	0.79884791	0.77276665	-9.4157343
82.0	0.37184873	0.11878623	0.73757488	0.68037921	0.75894111	0.73627937	-9.3244743
83.0	0.3442876	0.088113733	0.69999284	0.64063114	0.71811777	0.69888449	-9.2332144
84.0	0.31627324	0.057311673	0.66152769	0.60009336	0.67642426	0.66062379	-9.1419544
85.0	0.28783783	0.026417337	0.62222379	0.55881464	0.63390911	0.62154084	-9.0506945
86.0	0.25901437	-0.0045315544	0.58212757	0.51684558	0.5906226	0.58168101	-8.9594355
87.0	0.22983651	-0.035496905	0.54128712	0.47423837	0.54661715	0.5410915	-8.8681755
88.0	0.20033868	-0.066440284	0.49975219	0.43104699	0.50194663	0.49982122	-8.7769156
89.0	0.17055595	-0.097322986	0.45757422	0.38732696	0.45666692	0.45792058	-8.6856556
90.0	0.14052401	-0.12810607	0.41480616	0.34313509	0.41083521	0.41544154	-8.5943956
91.0	0.11027914	-0.15875043	0.37150234	0.29852965	0.36451024	0.37243754	-8.5031366
92.0	0.079858139	-0.18921685	0.32771856	0.25357014	0.31775224	0.32896331	-8.4118767
93.0	0.049298331	-0.21946605	0.28351179	0.20831713	0.27062255	0.28507483	-8.3206167
94.0	0.018637475	-0.24945872	0.23894015	0.16283222	0.22318377	0.24082921	-8.2293568
95.0	-0.012086266	-0.27915564	0.19406287	0.1171779	0.1754995	0.19628468	-8.1380968
96.0	-0.042834364	-0.30851766	0.14894013	0.071417511	0.12763433	0.15150039	-8.0468369
97.0	-0.073567994	-0.33750588	0.10363299	0.025614981	0.079653636	0.10653635	-7.9555774
98.0	-0.10424806	-0.36608151	0.058203213	-0.02016517	0.031623483	0.061453313	-7.8643179
99.0	-0.13483529	-0.39420611	0.012713253	-0.065857999	-0.016389463	0.016312692	-7.7730579
100.0	-0.16529021	-0.42783958	-0.032773916	-0.11139828	-0.064318076	-0.02882356	-7.6817985
101.0	-0.19557329	-0.4548279	-0.078194886	-0.15672058	-0.1120949	-0.073893063	-7.5905385
102.0	-0.22564495	-0.48125765	-0.12348595	-0.20175943	-0.15965228	-0.11883313	-7.4992785
103.0	-0.2554656	-0.507092	-0.1685832	-0.24644943	-0.20692247	-0.16358085	-7.4080191
104.0	-0.28499573	-0.53229475	-0.21342261	-0.29072538	-0.25383776	-0.20807323	-7.3167591
105.0	-0.31419599	-0.55683041	-0.25794026	-0.33452246	-0.30033067	-0.2522473	-7.2254992
106.0	-0.34302711	-0.5806641	-0.30207235	-0.37777621	-0.34633395	-0.29604027	-7.1342397
107.0	-0.37145019	-0.60376179	-0.34575534	-0.42042288	-0.39178085	-0.3393895	-7.0429797
108.0	-0.39942655	-0.62609029	-0.38892609	-0.46239933	-0.43660522	-0.38223284	-6.9517202
109.0	-0.42691785	-0.64761728	-0.43152201	-0.50364333	-0.4807415	-0.4245086	-6.8604603
110.0	-0.45487869	-0.66831136	-0.47348112	-0.54409361	-0.5241251	-0.46615568	-6.7692003
111.0	-0.48129815	-0.68814224	-0.51474214	-0.60975069	-0.56669223	-0.50711375	-6.6779408
112.0	-0.50712186	-0.70708066	-0.5552448	-0.64788675	-0.63495135	-0.54732323	-6.5866809
113.0	-0.5323137	-0.72509837	-0.59492975	-0.68506867	-0.6751439	-0.58672565	-6.4954209
114.0	-0.55683804	-0.74216849	-0.6337387	-0.72123986	-0.71435219	-0.62526357	-6.4041615
115.0	-0.5806601	-0.7582652	-0.67161465	-0.75634545	-0.75251734	-0.67750686	-6.3129015
116.0	-0.60374582	-0.77336407	-0.70850199	-0.79033208	-0.78958201	-0.71385217	-6.221642
117.0	-0.62606204	-0.78744191	-0.7443465	-0.82314849	-0.82549053	-0.74917871	-6.1303821
118.0	-0.64757633	-0.80047703	-0.77909553	-0.85474527	-0.8601892	-0.78343427	-6.0391221
119.0	-0.66825742	-0.81244904	-0.82438356	-0.88507509	-0.89362633	-0.81656837	-5.9478626
120.0	-0.68807495	-0.82333916	-0.85659099	-0.91409284	-0.92575228	-0.8485322	-5.8566027
121.0	-0.7069996	-0.83313006	-0.88756454	-0.94175547	-0.9565196	-0.8792789	-5.7653427
122.0	-0.7250033	-0.84180599	-0.91725886	-0.96802264	-0.98588324	-0.90876353	-5.6740832
123.0	-0.74205899	-0.8493529	-0.94563079	-0.9928562	-1.0138004	-0.93694323	-5.5828233
124.0	-0.75814098	-0.85575819	-0.97263932	-1.0162207	-1.0402311	-0.96377736	-5.4915638
125.0	-0.77322477	-0.86101121	-0.99824572	-1.0380831	-1.0651376	-0.98922759	-5.4003038
126.0	-0.78728729	-0.86510301	-1.0224137	-1.0584134	-1.0884851	-1.0132577	-5.3090439
127.0	-0.80030668	-0.86802632	-1.0451096	-1.077184	-1.1102415	-1.0358342	-5.2177844
128.0	-0.81226277	-0.86977577	-1.0663021	-1.0943705	-1.1303777	-1.0569259	-5.1265244
129.0	-0.82313657	-0.87034798	-1.0859624	-1.109951	-1.1488672	-1.0765043	-5.0352645
130.0	-0.8329109	-0.86974144	-1.1040648	-1.1239071	-1.165687	-1.0945436	-4.944005
131.0	-0.84156996	-0.86795658	-1.1205862	-1.136223	-1.1808165	-1.1110204	-4.8527451
132.0	-0.8490997	-0.86499608	-1.1355059	-1.1468859	-1.194239	-1.1259146	-4.7614856
133.0	-0.85548759	-0.86086446	-1.1488069	-1.1558863	-1.2059405	-1.1392084	-4.6702256
134.0	-0.8607229	-0.85556877	-1.1604745	-1.1632178	-1.2159102	-1.1508874	-4.5789657
135.0	-0.86479664	-0.84911811	-1.1704973	-1.1688771	-1.2241408	-1.1609396	-4.4877062
136.0	-0.86770165	-0.84152424	-1.1788665	-1.1728642	-1.2306281	-1.1693565	-4.3964462
137.0	-0.86943251	-0.83280128	-1.185577	-1.1751821	-1.2353714	-1.1761322	-4.3051867
138.0	-0.86998576	-0.82296634	-1.1906261	-1.1758372	-1.2383733	-1.1812642	-4.2139268
139.0	-0.86935985	-0.8120392	-1.1940148	-1.174839	-1.2396398	-1.1847527	-4.1226668
140.0	-0.8675552	-0.80004323	-1.1957468	-1.1722003	-1.2391801	-1.1866013	-4.0314074
141.0	-0.86457425	-0.78700519	-1.195829	-1.1679373	-1.2370074	-1.1868166	-3.9401474
142.0	-0.86042166	-0.77295607	-1.1942717	-1.1620691	-1.2331376	-1.1854084	-3.8488877
143.0	-0.85510409	-0.75793171	-1.1910881	-1.1546185	-1.2275906	-1.1823895	-3.757628
144.0	-0.84863067	-0.74197352	-1.1862947	-1.1456112	-1.2203896	-1.1777761	-3.666368
145.0	-0.84101272	-0.7251296	-1.1799109	-1.1350765	-1.2115613	-1.1715876	-3.5751083
146.0	-0.83226418	-0.70745665	-1.1719595	-1.1230472	-1.2011361	-1.1638464	-3.4838486
147.0	-0.82240158	-0.68902159	-1.1624666	-1.1095592	-1.1891477	-1.1545782	-3.3925889
148.0	-0.81144428	-0.66990507	-1.1514611	-1.0946521	-1.1756337	-1.1438122	-3.3013289
149.0	-0.79941487	-0.65020531	-1.1389753	-1.078369	-1.1606354	-1.1315807	-3.2100692
150.0	-0.78633916	-0.63004428	-1.1250443	-1.0607572	-1.1441978	-1.1179197	-3.1188095
151.0	-0.7722469	-0.60957599	-1.1097071	-1.0418677	-1.1263703	-1.1028683	-3.0275497
152.0	-0.75717217	-0.58899951	-1.0930053	-1.0217562	-1.1072065	-1.0864697	-2.9362898
153.0	-0.74115413	-0.56857711	-1.0749838	-1.0004832	-1.0867645	-1.0687703	-2.8450301
154.0	-0.72423798	-0.54866236	-1.0556914	-0.97811472	-1.0651077	-1.049821	-2.7537704
155.0	-0.70647609	-0.52974272	-1.0351795	-0.95472336	-1.0423052	-1.0296772	-2.6625106
156.0	-0.68792975	-0.5125041	-1.0135036	-0.9303894	-1.018433	-1.0083983	-2.5712507
157.0	-0.66867155	-0.49793136	-0.99072301	-0.90520245	-0.9935745	-0.98605001	-2.479991
158.0	-0.64878833	-0.48745894	-0.96690077	-0.87926412	-0.96782303	-0.96270347	-2.3887312
159.0	-0.62838572	-0.4831886	-0.94210434	-0.85269117	-0.94128346	-0.93843728	-2.2974715
160.0	-0.60759389	-0.48815781	-0.9164061	-0.82562053	-0.91407579	-0.91333842	-2.2062116
161.0	-0.58657616	-0.50650746	-0.88988364	-0.79821587	-0.88633919	-0.88750446	-2.1149518
162.0	-0.56554049	-0.54294008	-0.86262059	-0.77067798	-0.85823864	-0.86104578	-2.0236921
163.0	-0.544756	-0.59973168	-0.83470774	-0.74325901	-0.82997316	-0.83408922	-1.9324323
164.0	-0.52457494	-0.66844308	-0.80624408	-0.7162841	-0.80178863	-0.80678272	-1.8411726
165.0	-0.50546247	-0.71887052	-0.77733839	-0.6901837	-0.77399492	-0.77930176	-1.7499127
166.0	-0.48803222	-0.70737606	-0.74811101	-0.66554165	-0.74699074	-0.75185812	-1.658653
167.0	-0.47307986	-0.61782211	-0.71869648	-0.64316732	-0.72129738	-0.7247113	-1.5673932
168.0	-0.46158817	-0.47719896	-0.68924564	-0.62420142	-0.69760358	-0.69818425	-1.4761335
169.0	-0.45462778	-0.31915578	-0.65992904	-0.61026257	-0.67681783	-0.67268258	-1.3848736
170.0	-0.45298475	-0.15883285	-0.63093895	-0.60362059	-0.66011202	-0.64871711	-1.2936139
171.0	-0.45622367	0.0015140437	-0.60249072	-0.60729736	-0.64890105	-0.62692291	-1.2023541
172.0	-0.46099818		-0.57481927	-0.62474132	-0.64461464	-0.60806018	-1.1110944
173.0	-0.45946607		-0.54816717	-0.65811867	-0.64795709	-0.59295434	-1.0198346
174.0	-0.44076633		-0.52275318	-0.7035898	-0.65723741	-0.58228618	-0.9285748
175.0	-0.39758506		-0.49870446	-0.74397159	-0.66591012	-0.57607234	-0.83731502
176.0	-0.33201557		-0.47592372	-0.74894834	-0.66172361	-0.57265764	-0.74605525
177.0	-0.25286683		-0.45385385	-0.69651461	-0.63184357	-0.56736898	-0.65479547
178.0	-0.16841452		-0.43112209	-0.59447747	-0.57232565	-0.55204988	-0.56353569
179.0	-0.082865678		-0.40514114	-0.4678179	-0.49066955	-0.51771808	-0.47227591
180.0	0.0027392288		-0.37198845	-0.33473855	-0.39815471	-0.46020898	-0.38101614
