# Export File Created with QBlade CE v2.0.8.6_beta windows on 17.04.2025 at 16:20:53
CLARK_Y_AIRFOIL_Re0.020_M0.00_N9.0 360 M	CLARK_Y_AIRFOIL_Re0.045_M0.00_N9.0 360 M	CLARK_Y_AIRFOIL_Re0.075_M0.00_N9.0 360 M	CLARK_Y_AIRFOIL_Re0.100_M0.00_N9.0 360 M	CLARK_Y_AIRFOIL_Re0.250_M0.00_N9.0 360 M	CLARK_Y_AIRFOIL_Re0.500_M0.00_N9.0 360 M	CLARK_Y_AIRFOIL_Re0.750_M0.00_N9.0 360 M	CLARK_Y_AIRFOIL_Re1.000_M0.00_N9.0 360 M	CLARK_Y_AIRFOIL_Re1.000_M0.00_N9.0
Angle of Attack [deg]	Lift Coefficient Cl [-]	Angle of Attack [deg]	Lift Coefficient Cl [-]	Angle of Attack [deg]	Lift Coefficient Cl [-]	Angle of Attack [deg]	Lift Coefficient Cl [-]	Angle of Attack [deg]	Lift Coefficient Cl [-]	Angle of Attack [deg]	Lift Coefficient Cl [-]	Angle of Attack [deg]	Lift Coefficient Cl [-]	Angle of Attack [deg]	Lift Coefficient Cl [-]	Angle of Attack [deg]	Lift Coefficient Cl [-]
-1.8000000e+02	2.7392288e-03	-1.8000000e+02	1.5140437e-03	-1.8000000e+02	-4.7391534e-02	-1.8000000e+02	-6.7577757e-02	-1.8000000e+02	-1.1029541e-01	-1.8000000e+02	-1.0905049e-01	-1.8000000e+02	-1.0807604e-01	-1.8000000e+02	-1.0723682e-01	-4.0000000e+00	-4.4599999e-02
-1.7900000e+02	8.8344134e-02	-1.7900000e+02	1.6186093e-01	-1.7900000e+02	8.7667607e-02	-1.7900000e+02	6.5975420e-02	-1.7900000e+02	-1.7014427e-02	-1.7900000e+02	-6.1230134e-02	-1.7900000e+02	-3.7984964e-02	-1.7900000e+02	-1.6209925e-02	-3.5000000e+00	1.0200000e-02
-1.7800000e+02	1.7391421e-01	-1.7800000e+02	3.2218787e-01	-1.7800000e+02	2.2215104e-01	-1.7800000e+02	1.9804972e-01	-1.7800000e+02	6.7073718e-02	-1.7800000e+02	-1.9831920e-02	-1.7800000e+02	1.7314134e-02	-1.7800000e+02	7.2449274e-02	-3.0000000e+00	6.5399997e-02
-1.7700000e+02	2.5857982e-01	-1.7700000e+02	4.8035091e-01	-1.7700000e+02	3.5007402e-01	-1.7700000e+02	3.1979963e-01	-1.7700000e+02	1.3357589e-01	-1.7700000e+02	1.6963473e-02	-1.7700000e+02	5.9837118e-02	-1.7700000e+02	1.5252344e-01	-2.5000000e+00	1.2050000e-01
-1.7600000e+02	3.3840716e-01	-1.7600000e+02	6.2143600e-01	-1.7600000e+02	4.5352104e-01	-1.7600000e+02	4.1127822e-01	-1.7600000e+02	1.7795031e-01	-1.7600000e+02	5.0491445e-02	-1.7600000e+02	9.3213066e-02	-1.7600000e+02	2.1468782e-01	-2.0000000e+00	1.7560001e-01
-1.7500000e+02	4.0517479e-01	-1.7500000e+02	7.1168685e-01	-1.7500000e+02	5.0894195e-01	-1.7500000e+02	4.5329797e-01	-1.7500000e+02	2.0316137e-01	-1.7500000e+02	8.1675939e-02	-1.7500000e+02	1.2090576e-01	-1.7500000e+02	2.5269189e-01	-1.5000000e+00	2.3109999e-01
-1.7400000e+02	4.4956261e-01	-1.7400000e+02	7.2342968e-01	-1.7400000e+02	5.1049477e-01	-1.7400000e+02	4.4858316e-01	-1.7400000e+02	2.1677445e-01	-1.7400000e+02	1.1113004e-01	-1.7400000e+02	1.4543045e-01	-1.7400000e+02	2.6919022e-01	-1.0000000e+00	2.8500000e-01
-1.7300000e+02	4.6867120e-01	-1.7300000e+02	6.7239845e-01	-1.7300000e+02	4.7921941e-01	-1.7300000e+02	4.2025515e-01	-1.7300000e+02	2.2583650e-01	-1.7300000e+02	1.3924685e-01	-1.7300000e+02	1.6833179e-01	-1.7300000e+02	2.7338621e-01	-5.0000000e-01	3.3860001e-01
-1.7200000e+02	4.6953586e-01	-1.7200000e+02	6.0263777e-01	-1.7200000e+02	4.4178042e-01	-1.7200000e+02	3.9018723e-01	-1.7200000e+02	2.3458807e-01	-1.7200000e+02	1.6626960e-01	-1.7200000e+02	1.9044298e-01	-1.7200000e+02	2.7413478e-01	0.0000000e+00	3.9260000e-01
-1.7100000e+02	4.6342286e-01	-1.7100000e+02	5.4482377e-01	-1.7100000e+02	4.1282180e-01	-1.7100000e+02	3.6855337e-01	-1.7100000e+02	2.4481919e-01	-1.7100000e+02	1.9234210e-01	-1.7100000e+02	2.1215291e-01	-1.7100000e+02	2.7646667e-01	5.0000000e-01	4.4409999e-01
-1.7000000e+02	4.5869276e-01	-1.7000000e+02	5.0753713e-01	-1.7000000e+02	3.9580065e-01	-1.7000000e+02	3.5708013e-01	-1.7000000e+02	2.5691777e-01	-1.7000000e+02	2.1754332e-01	-1.7000000e+02	2.3359923e-01	-1.7000000e+02	2.8211406e-01	1.0000000e+00	4.9020001e-01
-1.6900000e+02	4.5896837e-01	-1.6900000e+02	4.8846647e-01	-1.6900000e+02	3.8922155e-01	-1.6900000e+02	3.5415983e-01	-1.6900000e+02	2.7065614e-01	-1.6900000e+02	2.4191067e-01	-1.6900000e+02	2.5478828e-01	-1.6900000e+02	2.9107493e-01	1.5000000e+00	5.4990000e-01
-1.6800000e+02	4.6474838e-01	-1.6800000e+02	4.8284680e-01	-1.6800000e+02	3.9046115e-01	-1.6800000e+02	3.5755515e-01	-1.6800000e+02	2.8561047e-01	-1.6800000e+02	2.6545545e-01	-1.6800000e+02	2.7566385e-01	-1.6800000e+02	3.0271131e-01	2.0000000e+00	6.3760000e-01
-1.6700000e+02	4.7521695e-01	-1.6700000e+02	4.8649180e-01	-1.6700000e+02	3.9716238e-01	-1.6700000e+02	3.6532262e-01	-1.6700000e+02	3.0134490e-01	-1.6700000e+02	2.8817308e-01	-1.6700000e+02	2.9614466e-01	-1.6700000e+02	3.1627464e-01	2.5000000e+00	6.9510001e-01
-1.6600000e+02	4.8925352e-01	-1.6600000e+02	4.9633753e-01	-1.6600000e+02	4.0752786e-01	-1.6600000e+02	3.7598497e-01	-1.6600000e+02	3.1747758e-01	-1.6600000e+02	3.1004971e-01	-1.6600000e+02	3.1614357e-01	-1.6600000e+02	3.3109927e-01	3.0000000e+00	7.4250001e-01
-1.6500000e+02	5.0583237e-01	-1.6500000e+02	5.1026827e-01	-1.6500000e+02	4.2026356e-01	-1.6500000e+02	3.8847229e-01	-1.6500000e+02	3.3369529e-01	-1.6500000e+02	3.3106661e-01	-1.6500000e+02	3.3557701e-01	-1.6500000e+02	3.4664875e-01	3.5000000e+00	7.8600001e-01
-1.6400000e+02	5.2412689e-01	-1.6400000e+02	5.2684295e-01	-1.6400000e+02	4.3445405e-01	-1.6400000e+02	4.0202120e-01	-1.6400000e+02	3.4974891e-01	-1.6400000e+02	3.5120296e-01	-1.6400000e+02	3.5436931e-01	-1.6400000e+02	3.6250803e-01	4.0000000e+00	8.3240002e-01
-1.6300000e+02	5.4350334e-01	-1.6300000e+02	5.4507434e-01	-1.6300000e+02	4.4945189e-01	-1.6300000e+02	4.1608697e-01	-1.6300000e+02	3.6544317e-01	-1.6300000e+02	3.7043783e-01	-1.6300000e+02	3.7245396e-01	-1.6300000e+02	3.7836143e-01	4.5000000e+00	8.8129997e-01
-1.6200000e+02	5.6348407e-01	-1.6200000e+02	5.6427628e-01	-1.6200000e+02	4.6479541e-01	-1.6200000e+02	4.3027833e-01	-1.6200000e+02	3.8062608e-01	-1.6200000e+02	3.8875115e-01	-1.6200000e+02	3.8977379e-01	-1.6200000e+02	3.9396998e-01	5.0000000e+00	9.3159997e-01
-1.6100000e+02	5.8370936e-01	-1.6100000e+02	5.8396250e-01	-1.6100000e+02	4.8015150e-01	-1.6100000e+02	4.4431168e-01	-1.6100000e+02	3.9517978e-01	-1.6100000e+02	4.0612465e-01	-1.6100000e+02	4.0628040e-01	-1.6100000e+02	4.0915284e-01	6.0000000e+00	1.0332000e+00
-1.6000000e+02	6.0390645e-01	-1.6000000e+02	6.0378122e-01	-1.6000000e+02	4.9527678e-01	-1.6000000e+02	4.5797929e-01	-1.6000000e+02	4.0901315e-01	-1.6000000e+02	4.2254218e-01	-1.6000000e+02	4.2193350e-01	-1.6000000e+02	4.2377269e-01	6.5000000e+00	1.0833000e+00
-1.5900000e+02	6.2386578e-01	-1.5900000e+02	6.2347233e-01	-1.5900000e+02	5.0999105e-01	-1.5900000e+02	4.7112784e-01	-1.5900000e+02	4.2205626e-01	-1.5900000e+02	4.3799007e-01	-1.5900000e+02	4.3669999e-01	-1.5900000e+02	4.3772516e-01	7.0000000e+00	1.1327000e+00
-1.5800000e+02	6.4342403e-01	-1.5800000e+02	6.4283955e-01	-1.5800000e+02	5.2415961e-01	-1.5800000e+02	4.8364326e-01	-1.5800000e+02	4.3425581e-01	-1.5800000e+02	4.5245719e-01	-1.5800000e+02	4.5055318e-01	-1.5800000e+02	4.5093089e-01	7.5000000e+00	1.1784000e+00
-1.5700000e+02	6.6245186e-01	-1.5700000e+02	6.6173130e-01	-1.5700000e+02	5.3768045e-01	-1.5700000e+02	4.9544069e-01	-1.5700000e+02	4.4557199e-01	-1.5700000e+02	4.6593505e-01	-1.5700000e+02	4.6347222e-01	-1.5700000e+02	4.6332979e-01	8.0000000e+00	1.2170000e+00
-1.5600000e+02	6.8084550e-01	-1.5600000e+02	6.8002856e-01	-1.5600000e+02	5.5047619e-01	-1.5600000e+02	5.0645685e-01	-1.5600000e+02	4.5597580e-01	-1.5600000e+02	4.7841781e-01	-1.5600000e+02	4.7544143e-01	-1.5600000e+02	4.7487670e-01	8.5000000e+00	1.2570000e+00
-1.5500000e+02	6.9851995e-01	-1.5500000e+02	6.9763595e-01	-1.5500000e+02	5.6248766e-01	-1.5500000e+02	5.1664513e-01	-1.5500000e+02	4.6544725e-01	-1.5500000e+02	4.8990220e-01	-1.5500000e+02	4.8644969e-01	-1.5500000e+02	4.8553839e-01	9.0000000e+00	1.2994000e+00
-1.5400000e+02	7.1540517e-01	-1.5400000e+02	7.1447581e-01	-1.5400000e+02	5.7366991e-01	-1.5400000e+02	5.2597165e-01	-1.5400000e+02	4.7397369e-01	-1.5400000e+02	5.0038737e-01	-1.5400000e+02	4.9649003e-01	-1.5400000e+02	4.9529111e-01	9.5000000e+00	1.3349000e+00
-1.5300000e+02	7.3144233e-01	-1.5300000e+02	7.3048407e-01	-1.5300000e+02	5.8398879e-01	-1.5300000e+02	5.3441268e-01	-1.5300000e+02	4.8154870e-01	-1.5300000e+02	5.0987506e-01	-1.5300000e+02	5.0555927e-01	-1.5300000e+02	5.0411892e-01	1.0000000e+01	1.3550000e+00
-1.5200000e+02	7.4658185e-01	-1.5200000e+02	7.4560714e-01	-1.5200000e+02	5.9341896e-01	-1.5200000e+02	5.4195261e-01	-1.5200000e+02	4.8817122e-01	-1.5200000e+02	5.1836932e-01	-1.5200000e+02	5.1365769e-01	-1.5200000e+02	5.1201218e-01	1.0500000e+01	1.3861001e+00
-1.5100000e+02	7.6078135e-01	-1.5100000e+02	7.5979978e-01	-1.5100000e+02	6.0194206e-01	-1.5100000e+02	5.4858243e-01	-1.5100000e+02	4.9384469e-01	-1.5100000e+02	5.2587628e-01	-1.5100000e+02	5.2078855e-01	-1.5100000e+02	5.1896679e-01	1.1000000e+01	1.4152000e+00
-1.5000000e+02	7.7400458e-01	-1.5000000e+02	7.7302349e-01	-1.5000000e+02	6.0954541e-01	-1.5000000e+02	5.5429858e-01	-1.5000000e+02	4.9857649e-01	-1.5000000e+02	5.3240442e-01	-1.5000000e+02	5.2695805e-01	-1.5000000e+02	5.2498311e-01	1.1500000e+01	1.4434000e+00
-1.4900000e+02	7.8622031e-01	-1.4900000e+02	7.8524554e-01	-1.4900000e+02	6.1622125e-01	-1.4900000e+02	5.5910182e-01	-1.4900000e+02	5.0237757e-01	-1.4900000e+02	5.3796405e-01	-1.4900000e+02	5.3217494e-01	-1.4900000e+02	5.3006542e-01	1.2000000e+01	1.4677000e+00
-1.4800000e+02	7.9740173e-01	-1.4800000e+02	7.9643780e-01	-1.4800000e+02	6.2196577e-01	-1.4800000e+02	5.6299710e-01	-1.4800000e+02	5.0526172e-01	-1.4800000e+02	5.4256761e-01	-1.4800000e+02	5.3645033e-01	-1.4800000e+02	5.3422147e-01	1.2500000e+01	1.4874001e+00
-1.4700000e+02	8.0752587e-01	-1.4700000e+02	8.0657631e-01	-1.4700000e+02	6.2677866e-01	-1.4700000e+02	5.6599236e-01	-1.4700000e+02	5.0724548e-01	-1.4700000e+02	5.4622906e-01	-1.4700000e+02	5.3979754e-01	-1.4700000e+02	5.3746182e-01	1.3000000e+01	1.4970000e+00
-1.4600000e+02	8.1657302e-01	-1.4600000e+02	8.1564063e-01	-1.4600000e+02	6.3066262e-01	-1.4600000e+02	5.6809855e-01	-1.4600000e+02	5.0834781e-01	-1.4600000e+02	5.4896432e-01	-1.4600000e+02	5.4223180e-01	-1.4600000e+02	5.3979981e-01	1.3500000e+01	1.4931999e+00
-1.4500000e+02	8.2452667e-01	-1.4500000e+02	8.2361364e-01	-1.4500000e+02	6.3362288e-01	-1.4500000e+02	5.6932896e-01	-1.4500000e+02	5.0858968e-01	-1.4500000e+02	5.5079067e-01	-1.4500000e+02	5.4377025e-01	-1.4500000e+02	5.4125088e-01	1.4000000e+01	1.5072000e+00
-1.4400000e+02	8.3137304e-01	-1.4400000e+02	8.3048105e-01	-1.4400000e+02	6.3566709e-01	-1.4400000e+02	5.6969905e-01	-1.4400000e+02	5.0799394e-01	-1.4400000e+02	5.5172694e-01	-1.4400000e+02	5.4443163e-01	-1.4400000e+02	5.4183263e-01	1.4500000e+01	1.5156000e+00
-1.4300000e+02	8.3710092e-01	-1.4300000e+02	8.3623135e-01	-1.4300000e+02	6.3680476e-01	-1.4300000e+02	5.6922621e-01	-1.4300000e+02	5.0658494e-01	-1.4300000e+02	5.5179328e-01	-1.4300000e+02	5.4423612e-01	-1.4300000e+02	5.4156435e-01	1.5000000e+01	1.5184000e+00
-1.4200000e+02	8.4170157e-01	-1.4200000e+02	8.4085542e-01	-1.4200000e+02	6.3704747e-01	-1.4200000e+02	5.6792927e-01	-1.4200000e+02	5.0438857e-01	-1.4200000e+02	5.5101109e-01	-1.4200000e+02	5.4320532e-01	-1.4200000e+02	5.4046702e-01	1.5500000e+01	1.5160000e+00
-1.4100000e+02	8.4516847e-01	-1.4100000e+02	8.4434652e-01	-1.4100000e+02	6.3640821e-01	-1.4100000e+02	5.6582874e-01	-1.4100000e+02	5.0143188e-01	-1.4100000e+02	5.4940283e-01	-1.4100000e+02	5.4136211e-01	-1.4100000e+02	5.3856295e-01	1.6000000e+01	1.5077000e+00
-1.4000000e+02	8.4749728e-01	-1.4000000e+02	8.4670013e-01	-1.4000000e+02	6.3490158e-01	-1.4000000e+02	5.6294608e-01	-1.4000000e+02	4.9774295e-01	-1.4000000e+02	5.4699200e-01	-1.4000000e+02	5.3873020e-01	-1.4000000e+02	5.3587556e-01	1.6500000e+01	1.4944000e+00
-1.3900000e+02	8.4868586e-01	-1.3900000e+02	8.4791392e-01	-1.3900000e+02	6.3254333e-01	-1.3900000e+02	5.5930412e-01	-1.3900000e+02	4.9335074e-01	-1.3900000e+02	5.4380298e-01	-1.3900000e+02	5.3533453e-01	-1.3900000e+02	5.3242952e-01	1.7000000e+01	1.4761000e+00
-1.3800000e+02	8.4873396e-01	-1.3800000e+02	8.4798741e-01	-1.3800000e+02	6.2935060e-01	-1.3800000e+02	5.5492634e-01	-1.3800000e+02	4.8828495e-01	-1.3800000e+02	5.3986090e-01	-1.3800000e+02	5.3120059e-01	-1.3800000e+02	5.2825022e-01	1.7500000e+01	1.4542000e+00
-1.3700000e+02	8.4764326e-01	-1.3700000e+02	8.4692228e-01	-1.3700000e+02	6.2534142e-01	-1.3700000e+02	5.4983711e-01	-1.3700000e+02	4.8257586e-01	-1.3700000e+02	5.3519166e-01	-1.3700000e+02	5.2635473e-01	-1.3700000e+02	5.2336389e-01	1.8000000e+01	1.4294000e+00
-1.3600000e+02	8.4541726e-01	-1.3600000e+02	8.4472197e-01	-1.3600000e+02	6.2053484e-01	-1.3600000e+02	5.4406148e-01	-1.3600000e+02	4.7625411e-01	-1.3600000e+02	5.2982157e-01	-1.3600000e+02	5.2082390e-01	-1.3600000e+02	5.1779735e-01	1.8500000e+01	1.4042000e+00
-1.3500000e+02	8.4206146e-01	-1.3500000e+02	8.4139174e-01	-1.3500000e+02	6.1495072e-01	-1.3500000e+02	5.3762490e-01	-1.3500000e+02	4.6935067e-01	-1.3500000e+02	5.2377754e-01	-1.3500000e+02	5.1463532e-01	-1.3500000e+02	5.1157808e-01	1.9000000e+01	1.3789001e+00
-1.3400000e+02	8.3758289e-01	-1.3400000e+02	8.3693862e-01	-1.3400000e+02	6.0860962e-01	-1.3400000e+02	5.3055334e-01	-1.3400000e+02	4.6189669e-01	-1.3400000e+02	5.1708674e-01	-1.3400000e+02	5.0781679e-01	-1.3400000e+02	5.0473362e-01	1.9500000e+01	1.3566000e+00
-1.3300000e+02	8.3199042e-01	-1.3300000e+02	8.3137143e-01	-1.3300000e+02	6.0153282e-01	-1.3300000e+02	5.2287304e-01	-1.3300000e+02	4.5392331e-01	-1.3300000e+02	5.0977665e-01	-1.3300000e+02	5.0039619e-01	-1.3300000e+02	4.9729204e-01	2.0000000e+01	1.3380001e+00
-1.3200000e+02	8.2529449e-01	-1.3200000e+02	8.2470053e-01	-1.3200000e+02	5.9374219e-01	-1.3200000e+02	5.1461035e-01	-1.3200000e+02	4.4546163e-01	-1.3200000e+02	5.0187486e-01	-1.3200000e+02	4.9240157e-01	-1.3200000e+02	4.8928148e-01	END	END
-1.3100000e+02	8.1750727e-01	-1.3100000e+02	8.1693804e-01	-1.3100000e+02	5.8525997e-01	-1.3100000e+02	5.0579178e-01	-1.3100000e+02	4.3654251e-01	-1.3100000e+02	4.9340922e-01	-1.3100000e+02	4.8386106e-01	-1.3100000e+02	4.8073009e-01	END	END
-1.3000000e+02	8.0864227e-01	-1.3000000e+02	8.0809742e-01	-1.3000000e+02	5.7610893e-01	-1.3000000e+02	4.9644390e-01	-1.3000000e+02	4.2719656e-01	-1.3000000e+02	4.8440731e-01	-1.3000000e+02	4.7480276e-01	-1.3000000e+02	4.7166604e-01	END	END
-1.2900000e+02	7.9871464e-01	-1.2900000e+02	7.9819393e-01	-1.2900000e+02	5.6631207e-01	-1.2900000e+02	4.8659310e-01	-1.2900000e+02	4.1745391e-01	-1.2900000e+02	4.7489676e-01	-1.2900000e+02	4.6525458e-01	-1.2900000e+02	4.6211728e-01	END	END
-1.2800000e+02	7.8774112e-01	-1.2800000e+02	7.8724402e-01	-1.2800000e+02	5.5589277e-01	-1.2800000e+02	4.7626564e-01	-1.2800000e+02	4.0734431e-01	-1.2800000e+02	4.6490499e-01	-1.2800000e+02	4.5524421e-01	-1.2800000e+02	4.5211160e-01	END	END
-1.2700000e+02	7.7573961e-01	-1.2700000e+02	7.7526575e-01	-1.2700000e+02	5.4487443e-01	-1.2700000e+02	4.6548757e-01	-1.2700000e+02	3.9689684e-01	-1.2700000e+02	4.5445910e-01	-1.2700000e+02	4.4479907e-01	-1.2700000e+02	4.4167644e-01	END	END
-1.2600000e+02	7.6272953e-01	-1.2600000e+02	7.6227850e-01	-1.2600000e+02	5.3328073e-01	-1.2600000e+02	4.5428461e-01	-1.2600000e+02	3.8613990e-01	-1.2600000e+02	4.4358596e-01	-1.2600000e+02	4.3394613e-01	-1.2600000e+02	4.3083882e-01	END	END
-1.2500000e+02	7.4873161e-01	-1.2500000e+02	7.4830294e-01	-1.2500000e+02	5.2113545e-01	-1.2500000e+02	4.4268215e-01	-1.2500000e+02	3.7510121e-01	-1.2500000e+02	4.3231198e-01	-1.2500000e+02	4.2271200e-01	-1.2500000e+02	4.1962540e-01	END	END
-1.2400000e+02	7.3376787e-01	-1.2400000e+02	7.3336101e-01	-1.2400000e+02	5.0846231e-01	-1.2400000e+02	4.3070510e-01	-1.2400000e+02	3.6380759e-01	-1.2400000e+02	4.2066309e-01	-1.2400000e+02	4.1112265e-01	-1.2400000e+02	4.0806222e-01	END	END
-1.2300000e+02	7.1786147e-01	-1.2300000e+02	7.1747601e-01	-1.2300000e+02	4.9528497e-01	-1.2300000e+02	4.1837788e-01	-1.2300000e+02	3.5228509e-01	-1.2300000e+02	4.0866467e-01	-1.2300000e+02	3.9920363e-01	-1.2300000e+02	3.9617470e-01	END	END
-1.2200000e+02	7.0103687e-01	-1.2200000e+02	7.0067221e-01	-1.2200000e+02	4.8162720e-01	-1.2200000e+02	4.0572444e-01	-1.2200000e+02	3.4055871e-01	-1.2200000e+02	3.9420468e-01	-1.2200000e+02	3.8697967e-01	-1.2200000e+02	3.8398772e-01	END	END
-1.2100000e+02	6.8331951e-01	-1.2100000e+02	6.8297517e-01	-1.2100000e+02	4.6751240e-01	-1.2100000e+02	3.9276809e-01	-1.2100000e+02	3.2865253e-01	-1.2100000e+02	3.8165063e-01	-1.2100000e+02	3.7447497e-01	-1.2100000e+02	3.7152535e-01	END	END
-1.2000000e+02	6.6473597e-01	-1.2000000e+02	6.6441149e-01	-1.2000000e+02	4.5296401e-01	-1.2000000e+02	3.7953150e-01	-1.2000000e+02	3.1658953e-01	-1.2000000e+02	3.6881632e-01	-1.2000000e+02	3.6171290e-01	-1.2000000e+02	3.5881099e-01	END	END
-1.1900000e+02	6.4531386e-01	-1.1900000e+02	6.4500868e-01	-1.1900000e+02	4.3800518e-01	-1.1900000e+02	3.6603674e-01	-1.1900000e+02	3.0439171e-01	-1.1900000e+02	3.5572481e-01	-1.1900000e+02	3.4871611e-01	-1.1900000e+02	3.4586719e-01	END	END
-1.1800000e+02	6.2508184e-01	-1.1800000e+02	6.2479544e-01	-1.1800000e+02	4.2265880e-01	-1.1800000e+02	3.5230511e-01	-1.1800000e+02	2.9207987e-01	-1.1800000e+02	3.4239826e-01	-1.1800000e+02	3.3550638e-01	-1.1800000e+02	3.3271572e-01	END	END
-1.1700000e+02	6.0406929e-01	-1.1700000e+02	6.0380113e-01	-1.1700000e+02	4.0694755e-01	-1.1700000e+02	3.3835727e-01	-1.1700000e+02	2.7967370e-01	-1.1700000e+02	3.2885811e-01	-1.1700000e+02	3.2210475e-01	-1.1700000e+02	3.1937745e-01	END	END
-1.1600000e+02	5.8230662e-01	-1.1600000e+02	5.8205622e-01	-1.1600000e+02	3.9089379e-01	-1.1600000e+02	3.2421312e-01	-1.1600000e+02	2.6719177e-01	-1.1600000e+02	3.1512493e-01	-1.1600000e+02	3.0730727e-01	-1.1600000e+02	3.0587244e-01	END	END
-1.1500000e+02	5.5982506e-01	-1.1500000e+02	5.5959189e-01	-1.1500000e+02	3.7451953e-01	-1.1500000e+02	3.0989173e-01	-1.1500000e+02	2.5465140e-01	-1.1500000e+02	3.0121854e-01	-1.1500000e+02	2.9362059e-01	-1.1500000e+02	2.9221979e-01	END	END
-1.1400000e+02	5.3665644e-01	-1.1400000e+02	5.3643996e-01	-1.1400000e+02	3.5784647e-01	-1.1400000e+02	2.9541150e-01	-1.1400000e+02	2.4206883e-01	-1.1400000e+02	2.8715777e-01	-1.1400000e+02	2.7979758e-01	-1.1400000e+02	2.7843773e-01	END	END
-1.1300000e+02	5.1283342e-01	-1.1300000e+02	5.1263314e-01	-1.1300000e+02	3.4089595e-01	-1.1300000e+02	2.8078994e-01	-1.1300000e+02	2.2945905e-01	-1.1300000e+02	2.7296072e-01	-1.1300000e+02	2.6585576e-01	-1.1300000e+02	2.6454350e-01	END	END
-1.1200000e+02	4.8838928e-01	-1.1200000e+02	4.8820475e-01	-1.1200000e+02	3.2368883e-01	-1.1200000e+02	2.6604387e-01	-1.1200000e+02	2.1606018e-01	-1.1200000e+02	2.5864455e-01	-1.1200000e+02	2.5181177e-01	-1.1200000e+02	2.5055355e-01	END	END
-1.1100000e+02	4.6335793e-01	-1.1100000e+02	4.6318862e-01	-1.1100000e+02	3.0624571e-01	-1.1100000e+02	2.5118929e-01	-1.1100000e+02	2.0345980e-01	-1.1100000e+02	2.4422552e-01	-1.1100000e+02	2.3768131e-01	-1.1100000e+02	2.3648325e-01	END	END
-1.1000000e+02	4.3777376e-01	-1.1000000e+02	4.3761921e-01	-1.1000000e+02	2.8858671e-01	-1.1000000e+02	2.3624140e-01	-1.1000000e+02	1.9086879e-01	-1.1000000e+02	2.2971909e-01	-1.1000000e+02	2.2347918e-01	-1.1000000e+02	2.2170216e-01	END	END
-1.0900000e+02	4.1167170e-01	-1.0900000e+02	4.1153142e-01	-1.0900000e+02	2.7017853e-01	-1.0900000e+02	2.2065219e-01	-1.0900000e+02	1.7829761e-01	-1.0900000e+02	2.1513982e-01	-1.0900000e+02	2.0921928e-01	-1.0900000e+02	2.0753172e-01	END	END
-1.0800000e+02	3.8445976e-01	-1.0800000e+02	3.8445032e-01	-1.0800000e+02	2.5216168e-01	-1.0800000e+02	2.0557587e-01	-1.0800000e+02	1.6575558e-01	-1.0800000e+02	2.0050143e-01	-1.0800000e+02	1.9491456e-01	-1.0800000e+02	1.9332063e-01	END	END
-1.0700000e+02	3.5744357e-01	-1.0700000e+02	3.5744572e-01	-1.0700000e+02	2.3398574e-01	-1.0700000e+02	1.9044620e-01	-1.0700000e+02	1.5325098e-01	-1.0700000e+02	1.8581681e-01	-1.0700000e+02	1.8057720e-01	-1.0700000e+02	1.7908083e-01	END	END
-1.0600000e+02	3.3001557e-01	-1.0600000e+02	3.3002898e-01	-1.0600000e+02	2.1566917e-01	-1.0600000e+02	1.7527543e-01	-1.0600000e+02	1.4079101e-01	-1.0600000e+02	1.7109805e-01	-1.0600000e+02	1.6621846e-01	-1.0600000e+02	1.6482334e-01	END	END
-1.0500000e+02	3.0221215e-01	-1.0500000e+02	3.0223650e-01	-1.0500000e+02	1.9723001e-01	-1.0500000e+02	1.6007507e-01	-1.0500000e+02	1.2838186e-01	-1.0500000e+02	1.5635644e-01	-1.0500000e+02	1.5184881e-01	-1.0500000e+02	1.5055838e-01	END	END
-1.0400000e+02	2.7406991e-01	-1.0400000e+02	2.7410489e-01	-1.0400000e+02	1.7868589e-01	-1.0400000e+02	1.4485596e-01	-1.0400000e+02	1.1602876e-01	-1.0400000e+02	1.4160252e-01	-1.0400000e+02	1.3747790e-01	-1.0400000e+02	1.3629536e-01	END	END
-1.0300000e+02	2.4562560e-01	-1.0300000e+02	2.4567094e-01	-1.0300000e+02	1.6005400e-01	-1.0300000e+02	1.2962827e-01	-1.0300000e+02	1.0373604e-01	-1.0300000e+02	1.2684608e-01	-1.0300000e+02	1.2311467e-01	-1.0300000e+02	1.2204296e-01	END	END
-1.0200000e+02	2.1691610e-01	-1.0200000e+02	2.1697155e-01	-1.0200000e+02	1.4135109e-01	-1.0200000e+02	1.1440153e-01	-1.0200000e+02	9.1507152e-02	-1.0200000e+02	1.1209624e-01	-1.0200000e+02	1.0876729e-01	-1.0200000e+02	1.0780907e-01	END	END
-1.0100000e+02	1.8797836e-01	-1.0100000e+02	1.8804365e-01	-1.0100000e+02	1.2259355e-01	-1.0100000e+02	9.9184670e-02	-1.0100000e+02	7.9344712e-02	-1.0100000e+02	9.7361468e-02	-1.0100000e+02	9.4443269e-02	-1.0100000e+02	9.3600929e-02	END	END
-1.0000000e+02	1.5884934e-01	-1.0000000e+02	1.5892425e-01	-1.0000000e+02	1.0379733e-01	-1.0000000e+02	8.3986066e-02	-1.0000000e+02	6.7250624e-02	-1.0000000e+02	8.2649574e-02	-1.0000000e+02	8.0149479e-02	-1.0000000e+02	7.9425134e-02	END	END
-9.9000000e+01	1.2956597e-01	-9.9000000e+01	1.2965031e-01	-9.9000000e+01	8.4978022e-02	-9.9000000e+01	6.8813540e-02	-9.9000000e+01	5.5226069e-02	-9.9000000e+01	6.7967825e-02	-9.9000000e+01	6.5892182e-02	-9.9000000e+01	6.5287672e-02	END	END
-9.8000000e+01	1.0016510e-01	-9.8000000e+01	1.0025869e-01	-9.8000000e+01	6.6150844e-02	-9.8000000e+01	5.3674437e-02	-9.8000000e+01	4.3271594e-02	-9.8000000e+01	5.3322919e-02	-9.8000000e+01	5.1677104e-02	-9.8000000e+01	5.1193956e-02	END	END
-9.7000000e+01	7.0683450e-02	-9.7000000e+01	7.0786148e-02	-9.7000000e+01	4.7330655e-02	-9.7000000e+01	3.8575642e-02	-9.7000000e+01	3.1387188e-02	-9.7000000e+01	3.8721096e-02	-9.7000000e+01	3.7509460e-02	-9.7000000e+01	3.7148930e-02	END	END
-9.6000000e+01	4.1157581e-02	-9.6000000e+01	4.1269243e-02	-9.6000000e+01	2.8531976e-02	-9.6000000e+01	2.3523627e-02	-9.6000000e+01	1.9572331e-02	-9.6000000e+01	2.4168126e-02	-9.6000000e+01	2.3394007e-02	-9.6000000e+01	2.3157051e-02	END	END
-9.5000000e+01	1.1623817e-02	-9.5000000e+01	1.1744341e-02	-9.5000000e+01	9.7690104e-03	-9.5000000e+01	8.5244933e-03	-9.5000000e+01	7.8260656e-03	-9.5000000e+01	9.6693942e-03	-9.5000000e+01	9.3351044e-03	-9.5000000e+01	9.2223883e-03	END	END
-9.4000000e+01	-1.7881764e-02	-9.4000000e+01	-1.7752459e-02	-9.4000000e+01	-8.9443428e-03	-9.4000000e+01	-6.4159846e-03	-9.4000000e+01	-3.8529374e-03	-9.4000000e+01	-4.7700685e-03	-9.4000000e+01	-4.6632430e-03	-9.4000000e+01	-4.6513495e-03	END	END
-9.3000000e+01	-4.7323395e-02	-9.3000000e+01	-4.7185365e-02	-9.3000000e+01	-2.7594466e-02	-9.3000000e+01	-2.1292318e-02	-9.3000000e+01	-1.5466305e-02	-9.3000000e+01	-1.9145530e-02	-9.3000000e+01	-1.8597327e-02	-9.3000000e+01	-1.8460751e-02	END	END
-9.2000000e+01	-7.6665647e-02	-9.2000000e+01	-7.6518923e-02	-9.2000000e+01	-4.6168011e-02	-9.2000000e+01	-3.6099259e-02	-9.2000000e+01	-2.7015902e-02	-9.2000000e+01	-3.3452511e-02	-9.2000000e+01	-3.2463692e-02	-9.2000000e+01	-3.2202646e-02	END	END
-9.1000000e+01	-1.0587348e-01	-9.1000000e+01	-1.0571808e-01	-9.1000000e+01	-6.4651869e-02	-9.1000000e+01	-5.0831761e-02	-9.1000000e+01	-3.8503751e-02	-9.1000000e+01	-4.7686726e-02	-9.1000000e+01	-4.6259072e-02	-9.1000000e+01	-4.5874070e-02	END	END
-9.0000000e+01	-1.3491230e-01	-9.0000000e+01	-1.3474818e-01	-9.0000000e+01	-8.3033159e-02	-9.0000000e+01	-6.5484926e-02	-9.0000000e+01	-4.9931981e-02	-9.0000000e+01	-6.1844051e-02	-9.0000000e+01	-5.9980348e-02	-9.0000000e+01	-5.9472181e-02	END	END
-8.9000000e+01	-1.6374792e-01	-8.9000000e+01	-1.6357507e-01	-8.9000000e+01	-1.0129920e-01	-8.9000000e+01	-8.0053963e-02	-8.9000000e+01	-6.1302736e-02	-8.9000000e+01	-7.5920455e-02	-8.9000000e+01	-7.3624484e-02	-8.9000000e+01	-7.2994240e-02	END	END
-8.8000000e+01	-1.9234672e-01	-8.8000000e+01	-1.9216505e-01	-8.8000000e+01	-1.1943751e-01	-8.8000000e+01	-9.4534166e-02	-8.8000000e+01	-7.2618134e-02	-8.8000000e+01	-8.9911968e-02	-8.8000000e+01	-8.7188490e-02	-8.8000000e+01	-8.6437531e-02	END	END
-8.7000000e+01	-2.2067559e-01	-8.7000000e+01	-2.2048499e-01	-8.7000000e+01	-1.3743575e-01	-8.7000000e+01	-1.0892083e-01	-8.7000000e+01	-8.3880186e-02	-8.7000000e+01	-1.0381461e-01	-8.7000000e+01	-1.0066935e-01	-8.7000000e+01	-9.9799320e-02	END	END
-8.6000000e+01	-2.4870194e-01	-8.6000000e+01	-2.4850233e-01	-8.6000000e+01	-1.5528174e-01	-8.6000000e+01	-1.2320927e-01	-8.6000000e+01	-9.5090739e-02	-8.6000000e+01	-1.1762438e-01	-8.6000000e+01	-1.1406402e-01	-8.6000000e+01	-1.1307682e-01	END	END
-8.5000000e+01	-2.7639386e-01	-8.5000000e+01	-2.7618507e-01	-8.5000000e+01	-1.7296341e-01	-8.5000000e+01	-1.3739470e-01	-8.5000000e+01	-1.0625140e-01	-8.5000000e+01	-1.3133717e-01	-8.5000000e+01	-1.2736930e-01	-8.5000000e+01	-1.2626712e-01	END	END
-8.4000000e+01	-3.0372006e-01	-8.4000000e+01	-3.0350190e-01	-8.4000000e+01	-1.9046883e-01	-8.4000000e+01	-1.5147226e-01	-8.4000000e+01	-1.1736351e-01	-8.4000000e+01	-1.4494875e-01	-8.4000000e+01	-1.4058188e-01	-8.4000000e+01	-1.3936713e-01	END	END
-8.3000000e+01	-3.3064985e-01	-8.3000000e+01	-3.3042216e-01	-8.3000000e+01	-2.0778611e-01	-8.3000000e+01	-1.6543695e-01	-8.3000000e+01	-1.2842803e-01	-8.3000000e+01	-1.5845472e-01	-8.3000000e+01	-1.5369819e-01	-8.3000000e+01	-1.5237358e-01	END	END
-8.2000000e+01	-3.5715330e-01	-8.2000000e+01	-3.5691586e-01	-8.2000000e+01	-2.2490348e-01	-8.2000000e+01	-1.7928363e-01	-8.2000000e+01	-1.3944554e-01	-8.2000000e+01	-1.7185046e-01	-8.2000000e+01	-1.6671449e-01	-8.2000000e+01	-1.6528292e-01	END	END
-8.1000000e+01	-3.8320115e-01	-8.1000000e+01	-3.8295373e-01	-8.1000000e+01	-2.4180917e-01	-8.1000000e+01	-1.9300692e-01	-8.1000000e+01	-1.5041620e-01	-8.1000000e+01	-1.8513109e-01	-8.1000000e+01	-1.7962669e-01	-8.1000000e+01	-1.7809135e-01	END	END
-8.0000000e+01	-4.0876496e-01	-8.0000000e+01	-4.0850726e-01	-8.0000000e+01	-2.5849149e-01	-8.0000000e+01	-2.0660122e-01	-8.0000000e+01	-1.6133958e-01	-8.0000000e+01	-1.9829144e-01	-8.0000000e+01	-1.9243041e-01	-8.0000000e+01	-1.9079466e-01	END	END
-7.9000000e+01	-4.3381694e-01	-7.9000000e+01	-4.3354872e-01	-7.9000000e+01	-2.7493876e-01	-7.9000000e+01	-2.2006066e-01	-7.9000000e+01	-1.7221479e-01	-7.9000000e+01	-2.1132605e-01	-7.9000000e+01	-2.0512091e-01	-7.9000000e+01	-2.0338836e-01	END	END
-7.8000000e+01	-4.5833024e-01	-7.8000000e+01	-4.5805115e-01	-7.8000000e+01	-2.9113933e-01	-7.8000000e+01	-2.3337908e-01	-7.8000000e+01	-1.8304029e-01	-7.8000000e+01	-2.2422904e-01	-7.8000000e+01	-2.1769305e-01	-7.8000000e+01	-2.1586750e-01	END	END
-7.7000000e+01	-4.8227873e-01	-7.7000000e+01	-4.8198843e-01	-7.7000000e+01	-3.0708146e-01	-7.7000000e+01	-2.4654998e-01	-7.7000000e+01	-1.9381396e-01	-7.7000000e+01	-2.3699422e-01	-7.7000000e+01	-2.3014127e-01	-7.7000000e+01	-2.2822674e-01	END	END
-7.6000000e+01	-5.0563711e-01	-7.6000000e+01	-5.0533527e-01	-7.6000000e+01	-3.2275352e-01	-7.6000000e+01	-2.5956655e-01	-7.6000000e+01	-2.0453295e-01	-7.6000000e+01	-2.4961494e-01	-7.6000000e+01	-2.4245955e-01	-7.6000000e+01	-2.4046020e-01	END	END
-7.5000000e+01	-5.2838099e-01	-7.5000000e+01	-5.2806717e-01	-7.5000000e+01	-3.3814377e-01	-7.5000000e+01	-2.7242154e-01	-7.5000000e+01	-2.1519378e-01	-7.5000000e+01	-2.6208413e-01	-7.5000000e+01	-2.5464141e-01	-7.5000000e+01	-2.5256163e-01	END	END
-7.4000000e+01	-5.5048686e-01	-7.4000000e+01	-5.5016071e-01	-7.4000000e+01	-3.5324043e-01	-7.4000000e+01	-2.8510746e-01	-7.4000000e+01	-2.2579217e-01	-7.4000000e+01	-2.7439427e-01	-7.4000000e+01	-2.6667991e-01	-7.4000000e+01	-2.6452416e-01	END	END
-7.3000000e+01	-5.7193202e-01	-7.3000000e+01	-5.7159305e-01	-7.3000000e+01	-3.6803174e-01	-7.3000000e+01	-2.9761624e-01	-7.3000000e+01	-2.3632315e-01	-7.3000000e+01	-2.8653738e-01	-7.3000000e+01	-2.7856749e-01	-7.3000000e+01	-2.7634048e-01	END	END
-7.2000000e+01	-5.9269470e-01	-7.2000000e+01	-5.9234256e-01	-7.2000000e+01	-3.8250586e-01	-7.2000000e+01	-3.0993953e-01	-7.2000000e+01	-2.4678096e-01	-7.2000000e+01	-2.9850498e-01	-7.2000000e+01	-2.9029617e-01	-7.2000000e+01	-2.8800270e-01	END	END
-7.1000000e+01	-6.1275417e-01	-7.1000000e+01	-6.1238831e-01	-7.1000000e+01	-3.9665091e-01	-7.1000000e+01	-3.2206848e-01	-7.1000000e+01	-2.5715902e-01	-7.1000000e+01	-3.1028810e-01	-7.1000000e+01	-3.0185741e-01	-7.1000000e+01	-2.9950234e-01	END	END
-7.0000000e+01	-6.3209051e-01	-7.0000000e+01	-6.3171041e-01	-7.0000000e+01	-4.1045490e-01	-7.0000000e+01	-3.3399385e-01	-7.0000000e+01	-2.6745003e-01	-7.0000000e+01	-3.2187727e-01	-7.0000000e+01	-3.1324205e-01	-7.0000000e+01	-3.1083047e-01	END	END
-6.9000000e+01	-6.5068471e-01	-6.9000000e+01	-6.5028989e-01	-6.9000000e+01	-4.2390585e-01	-6.9000000e+01	-3.4570596e-01	-6.9000000e+01	-2.7764583e-01	-6.9000000e+01	-3.3326253e-01	-6.9000000e+01	-3.2444045e-01	-6.9000000e+01	-3.2197750e-01	END	END
-6.8000000e+01	-6.6851890e-01	-6.8000000e+01	-6.6810876e-01	-6.8000000e+01	-4.3699175e-01	-6.8000000e+01	-3.5719460e-01	-6.8000000e+01	-2.8773740e-01	-6.8000000e+01	-3.4443340e-01	-6.8000000e+01	-3.3544242e-01	-6.8000000e+01	-3.3293325e-01	END	END
-6.7000000e+01	-6.8557596e-01	-6.7000000e+01	-6.8514991e-01	-6.7000000e+01	-4.4970042e-01	-6.7000000e+01	-3.6844927e-01	-6.7000000e+01	-2.9771504e-01	-6.7000000e+01	-3.5537890e-01	-6.7000000e+01	-3.4623715e-01	-6.7000000e+01	-3.4368712e-01	END	END
-6.6000000e+01	-7.0183992e-01	-6.6000000e+01	-7.0139736e-01	-6.6000000e+01	-4.6201977e-01	-6.6000000e+01	-3.7945890e-01	-6.6000000e+01	-3.0756816e-01	-6.6000000e+01	-3.6608753e-01	-6.6000000e+01	-3.5681337e-01	-6.6000000e+01	-3.5422778e-01	END	END
-6.5000000e+01	-7.1729565e-01	-6.5000000e+01	-7.1683598e-01	-6.5000000e+01	-4.7393754e-01	-6.5000000e+01	-3.9021209e-01	-6.5000000e+01	-3.1728539e-01	-6.5000000e+01	-3.7654734e-01	-6.5000000e+01	-3.6715925e-01	-6.5000000e+01	-3.6454347e-01	END	END
-6.4000000e+01	-7.3192918e-01	-6.4000000e+01	-7.3145163e-01	-6.4000000e+01	-4.8544157e-01	-6.4000000e+01	-4.0069693e-01	-6.4000000e+01	-3.2685462e-01	-6.4000000e+01	-3.8674590e-01	-6.4000000e+01	-3.7726235e-01	-6.4000000e+01	-3.7462184e-01	END	END
-6.3000000e+01	-7.4572730e-01	-6.3000000e+01	-7.4523121e-01	-6.3000000e+01	-4.9651954e-01	-6.3000000e+01	-4.1090116e-01	-6.3000000e+01	-3.3626288e-01	-6.3000000e+01	-3.9667031e-01	-6.3000000e+01	-3.8710988e-01	-6.3000000e+01	-3.8445002e-01	END	END
-6.2000000e+01	-7.5867802e-01	-6.2000000e+01	-7.5816262e-01	-6.2000000e+01	-5.0715917e-01	-6.2000000e+01	-4.2081210e-01	-6.2000000e+01	-3.4549659e-01	-6.2000000e+01	-4.0630722e-01	-6.2000000e+01	-3.9668840e-01	-6.2000000e+01	-3.9401469e-01	END	END
-6.1000000e+01	-7.7077025e-01	-6.1000000e+01	-7.7023470e-01	-6.1000000e+01	-5.1734829e-01	-6.1000000e+01	-4.3041667e-01	-6.1000000e+01	-3.5454139e-01	-6.1000000e+01	-4.1564286e-01	-6.1000000e+01	-4.0598416e-01	-6.1000000e+01	-4.0330201e-01	END	END
-6.0000000e+01	-7.8199393e-01	-6.0000000e+01	-7.8143740e-01	-6.0000000e+01	-5.2707452e-01	-6.0000000e+01	-4.3970147e-01	-6.0000000e+01	-3.6338228e-01	-6.0000000e+01	-4.2466313e-01	-6.0000000e+01	-4.1498289e-01	-6.0000000e+01	-4.1229770e-01	END	END
-5.9000000e+01	-7.9233992e-01	-5.9000000e+01	-7.9176158e-01	-5.9000000e+01	-5.3632563e-01	-5.9000000e+01	-4.4865277e-01	-5.9000000e+01	-3.7200353e-01	-5.9000000e+01	-4.3335348e-01	-5.9000000e+01	-4.2366987e-01	-5.9000000e+01	-4.2098701e-01	END	END
-5.8000000e+01	-8.0180031e-01	-5.8000000e+01	-8.0119908e-01	-5.8000000e+01	-5.4508948e-01	-5.8000000e+01	-4.5725653e-01	-5.8000000e+01	-3.8038889e-01	-5.8000000e+01	-4.4169912e-01	-5.8000000e+01	-4.3203014e-01	-5.8000000e+01	-4.2935494e-01	END	END
-5.7000000e+01	-8.1036800e-01	-5.7000000e+01	-8.0974281e-01	-5.7000000e+01	-5.5335397e-01	-5.7000000e+01	-4.6549839e-01	-5.7000000e+01	-3.8852152e-01	-5.7000000e+01	-4.4968489e-01	-5.7000000e+01	-4.4004831e-01	-5.7000000e+01	-4.3738604e-01	END	END
-5.6000000e+01	-8.1803691e-01	-5.6000000e+01	-8.1738669e-01	-5.6000000e+01	-5.6110692e-01	-5.6000000e+01	-4.7336373e-01	-5.6000000e+01	-3.9638403e-01	-5.6000000e+01	-4.5729545e-01	-5.6000000e+01	-4.4770870e-01	-5.6000000e+01	-4.4506451e-01	END	END
-5.5000000e+01	-8.2480216e-01	-5.5000000e+01	-8.2412565e-01	-5.5000000e+01	-5.6833655e-01	-5.5000000e+01	-4.8083782e-01	-5.5000000e+01	-4.0395865e-01	-5.5000000e+01	-4.6451515e-01	-5.5000000e+01	-4.5499539e-01	-5.5000000e+01	-4.5237446e-01	END	END
-5.4000000e+01	-8.3065969e-01	-5.4000000e+01	-8.2995552e-01	-5.4000000e+01	-5.7503104e-01	-5.4000000e+01	-4.8790565e-01	-5.4000000e+01	-4.1122711e-01	-5.4000000e+01	-4.7132832e-01	-5.4000000e+01	-4.6189228e-01	-5.4000000e+01	-4.5929959e-01	END	END
-5.3000000e+01	-8.3560652e-01	-5.3000000e+01	-8.3487326e-01	-5.3000000e+01	-5.8117867e-01	-5.3000000e+01	-4.9455211e-01	-5.3000000e+01	-4.1817084e-01	-5.3000000e+01	-4.7771907e-01	-5.3000000e+01	-4.6838313e-01	-5.3000000e+01	-4.6582362e-01	END	END
-5.2000000e+01	-8.3964074e-01	-5.2000000e+01	-8.3887672e-01	-5.2000000e+01	-5.8676809e-01	-5.2000000e+01	-5.0076199e-01	-5.2000000e+01	-4.2477095e-01	-5.2000000e+01	-4.8367146e-01	-5.2000000e+01	-4.7445157e-01	-5.2000000e+01	-4.7193000e-01	END	END
-5.1000000e+01	-8.4276140e-01	-5.1000000e+01	-8.4196490e-01	-5.1000000e+01	-5.9178805e-01	-5.1000000e+01	-5.0652009e-01	-5.1000000e+01	-4.3100837e-01	-5.1000000e+01	-4.8916960e-01	-5.1000000e+01	-4.8008123e-01	-5.1000000e+01	-4.7760227e-01	END	END
-5.0000000e+01	-8.4496868e-01	-5.0000000e+01	-8.4413761e-01	-5.0000000e+01	-5.9622765e-01	-5.0000000e+01	-5.1181108e-01	-5.0000000e+01	-4.3686387e-01	-5.0000000e+01	-4.9419761e-01	-5.0000000e+01	-4.8525575e-01	-5.0000000e+01	-4.8282394e-01	END	END
-4.9000000e+01	-8.4626365e-01	-4.9000000e+01	-8.4539580e-01	-4.9000000e+01	-6.0007608e-01	-4.9000000e+01	-5.1661986e-01	-4.9000000e+01	-4.4231820e-01	-4.9000000e+01	-4.9873978e-01	-4.9000000e+01	-4.8995885e-01	-4.9000000e+01	-4.8757860e-01	END	END
-4.8000000e+01	-8.4664851e-01	-4.8000000e+01	-8.4574139e-01	-4.8000000e+01	-6.0332316e-01	-4.8000000e+01	-5.2093124e-01	-4.8000000e+01	-4.4735211e-01	-4.8000000e+01	-5.0278062e-01	-4.8000000e+01	-4.9417454e-01	-4.8000000e+01	-4.9185008e-01	END	END
-4.7000000e+01	-8.4612650e-01	-4.7000000e+01	-8.4517717e-01	-4.7000000e+01	-6.0595894e-01	-4.7000000e+01	-5.2473044e-01	-4.7000000e+01	-4.5194641e-01	-4.7000000e+01	-5.0630480e-01	-4.7000000e+01	-4.9788699e-01	-4.7000000e+01	-4.9562240e-01	END	END
-4.6000000e+01	-8.4470189e-01	-4.6000000e+01	-8.4370714e-01	-4.6000000e+01	-6.0797381e-01	-4.6000000e+01	-5.2800268e-01	-4.6000000e+01	-4.5608225e-01	-4.6000000e+01	-5.0929761e-01	-4.6000000e+01	-5.0108075e-01	-4.6000000e+01	-4.9888000e-01	END	END
-4.5000000e+01	-8.4238005e-01	-4.5000000e+01	-8.4133619e-01	-4.5000000e+01	-6.0935879e-01	-4.5000000e+01	-5.3073364e-01	-4.5000000e+01	-4.5974106e-01	-4.5000000e+01	-5.1174462e-01	-4.5000000e+01	-5.0374091e-01	-4.5000000e+01	-5.0160772e-01	END	END
-4.4000000e+01	-8.3916748e-01	-4.4000000e+01	-8.3807015e-01	-4.4000000e+01	-6.1010540e-01	-4.4000000e+01	-5.3290939e-01	-4.4000000e+01	-4.6290478e-01	-4.4000000e+01	-5.1363206e-01	-4.4000000e+01	-5.0585306e-01	-4.4000000e+01	-5.0379097e-01	END	END
-4.3000000e+01	-8.3507180e-01	-4.3000000e+01	-8.3391607e-01	-4.3000000e+01	-6.1020571e-01	-4.3000000e+01	-5.3451633e-01	-4.3000000e+01	-4.6555591e-01	-4.3000000e+01	-5.1494682e-01	-4.3000000e+01	-5.0740355e-01	-4.3000000e+01	-5.0541610e-01	END	END
-4.2000000e+01	-8.3010179e-01	-4.2000000e+01	-8.2888186e-01	-4.2000000e+01	-6.0965246e-01	-4.2000000e+01	-5.3554165e-01	-4.2000000e+01	-4.6767777e-01	-4.2000000e+01	-5.1567674e-01	-4.2000000e+01	-5.0837964e-01	-4.2000000e+01	-5.0646996e-01	END	END
-4.1000000e+01	-8.2426751e-01	-4.1000000e+01	-8.2297659e-01	-4.1000000e+01	-6.0843921e-01	-4.1000000e+01	-5.3597313e-01	-4.1000000e+01	-4.6925470e-01	-4.1000000e+01	-5.1581067e-01	-4.1000000e+01	-5.0876951e-01	-4.1000000e+01	-5.0694084e-01	END	END
-4.0000000e+01	-8.1758022e-01	-4.0000000e+01	-8.1621045e-01	-4.0000000e+01	-6.0656035e-01	-4.0000000e+01	-5.3579921e-01	-4.0000000e+01	-4.7027221e-01	-4.0000000e+01	-5.1533872e-01	-4.0000000e+01	-5.0856286e-01	-4.0000000e+01	-5.0681800e-01	END	END
-3.9000000e+01	-8.1005269e-01	-3.9000000e+01	-8.0859458e-01	-3.9000000e+01	-6.0401118e-01	-3.9000000e+01	-5.3500944e-01	-3.9000000e+01	-4.7071728e-01	-3.9000000e+01	-5.1425248e-01	-3.9000000e+01	-5.0775075e-01	-3.9000000e+01	-5.0609255e-01	END	END
-3.8000000e+01	-8.0169910e-01	-3.8000000e+01	-8.0014145e-01	-3.8000000e+01	-6.0078830e-01	-3.8000000e+01	-5.3359449e-01	-3.8000000e+01	-4.7057876e-01	-3.8000000e+01	-5.1254529e-01	-3.8000000e+01	-5.0632614e-01	-3.8000000e+01	-5.0475729e-01	END	END
-3.7000000e+01	-7.9253536e-01	-3.7000000e+01	-7.9086477e-01	-3.7000000e+01	-5.9688926e-01	-3.7000000e+01	-5.3154629e-01	-3.7000000e+01	-4.6984768e-01	-3.7000000e+01	-5.1021284e-01	-3.7000000e+01	-5.0428432e-01	-3.7000000e+01	-5.0280738e-01	END	END
-3.6000000e+01	-7.8257912e-01	-3.6000000e+01	-7.8077948e-01	-3.6000000e+01	-5.9231329e-01	-3.6000000e+01	-5.2885830e-01	-3.6000000e+01	-4.6851790e-01	-3.6000000e+01	-5.0725323e-01	-3.6000000e+01	-5.0162333e-01	-3.6000000e+01	-5.0024080e-01	END	END
-3.5000000e+01	-7.7185029e-01	-3.5000000e+01	-7.6990199e-01	-3.5000000e+01	-5.8706135e-01	-3.5000000e+01	-5.2552587e-01	-3.5000000e+01	-4.6658668e-01	-3.5000000e+01	-5.0366807e-01	-3.5000000e+01	-4.9834475e-01	-3.5000000e+01	-4.9705908e-01	END	END
-3.4000000e+01	-7.6037091e-01	-3.4000000e+01	-7.5825024e-01	-3.4000000e+01	-5.8113623e-01	-3.4000000e+01	-5.2154654e-01	-3.4000000e+01	-4.6405566e-01	-3.4000000e+01	-4.9946305e-01	-3.4000000e+01	-4.9445438e-01	-3.4000000e+01	-4.9326816e-01	END	END
-3.3000000e+01	-7.4816632e-01	-3.3000000e+01	-7.4584389e-01	-3.3000000e+01	-5.7454318e-01	-3.3000000e+01	-5.1692063e-01	-3.3000000e+01	-4.6093196e-01	-3.3000000e+01	-4.9464893e-01	-3.3000000e+01	-4.8996365e-01	-3.3000000e+01	-4.8887959e-01	END	END
-3.2000000e+01	-7.3526490e-01	-3.2000000e+01	-7.3270476e-01	-3.2000000e+01	-5.6729043e-01	-3.2000000e+01	-5.1165164e-01	-3.2000000e+01	-4.5722979e-01	-3.2000000e+01	-4.8924318e-01	-3.2000000e+01	-4.8489106e-01	-3.2000000e+01	-4.8391214e-01	END	END
-3.1000000e+01	-7.2169960e-01	-3.1000000e+01	-7.1885669e-01	-3.1000000e+01	-5.5938959e-01	-3.1000000e+01	-5.0574720e-01	-3.1000000e+01	-4.5297265e-01	-3.1000000e+01	-4.8327193e-01	-3.1000000e+01	-4.7926432e-01	-3.1000000e+01	-4.7839397e-01	END	END
-3.0000000e+01	-7.0750850e-01	-3.0000000e+01	-7.0432639e-01	-3.0000000e+01	-5.5085683e-01	-3.0000000e+01	-4.9922010e-01	-3.0000000e+01	-4.4819632e-01	-3.0000000e+01	-4.7677258e-01	-3.0000000e+01	-4.7312355e-01	-3.0000000e+01	-4.7236586e-01	END	END
-2.9000000e+01	-6.9273645e-01	-2.9000000e+01	-6.8914366e-01	-2.9000000e+01	-5.4171365e-01	-2.9000000e+01	-4.9208963e-01	-2.9000000e+01	-4.4295305e-01	-2.9000000e+01	-4.6979797e-01	-2.9000000e+01	-4.6652529e-01	-2.9000000e+01	-4.6588549e-01	END	END
-2.8000000e+01	-6.7743719e-01	-2.8000000e+01	-6.7334247e-01	-2.8000000e+01	-5.3198886e-01	-2.8000000e+01	-4.8438349e-01	-2.8000000e+01	-4.3731788e-01	-2.8000000e+01	-4.6242172e-01	-2.8000000e+01	-4.5954889e-01	-2.8000000e+01	-4.5903373e-01	END	END
-2.7000000e+01	-6.6167593e-01	-2.7000000e+01	-6.5696150e-01	-2.7000000e+01	-5.2172023e-01	-2.7000000e+01	-4.7614059e-01	-2.7000000e+01	-4.3139738e-01	-2.7000000e+01	-4.5474640e-01	-2.7000000e+01	-4.5230532e-01	-2.7000000e+01	-4.5192397e-01	END	END
-2.6000000e+01	-6.4553338e-01	-2.6000000e+01	-6.4004594e-01	-2.6000000e+01	-5.1095790e-01	-2.6000000e+01	-4.6741462e-01	-2.6000000e+01	-4.2534313e-01	-2.6000000e+01	-4.4691563e-01	-2.6000000e+01	-4.4495064e-01	-2.6000000e+01	-4.4471571e-01	END	END
-2.5000000e+01	-6.2911171e-01	-2.5000000e+01	-6.2264884e-01	-2.5000000e+01	-4.9976841e-01	-2.5000000e+01	-4.5827955e-01	-2.5000000e+01	-4.1937181e-01	-2.5000000e+01	-4.3913212e-01	-2.5000000e+01	-4.3770617e-01	-2.5000000e+01	-4.3763551e-01	END	END
-2.4000000e+01	-6.1254221e-01	-2.4000000e+01	-6.0483420e-01	-2.4000000e+01	-4.8824069e-01	-2.4000000e+01	-4.4883728e-01	-2.4000000e+01	-4.1379619e-01	-2.4000000e+01	-4.3168554e-01	-2.4000000e+01	-4.3088949e-01	-2.4000000e+01	-4.3100893e-01	END	END
-2.3000000e+01	-5.9599811e-01	-2.3000000e+01	-5.8668017e-01	-2.3000000e+01	-4.7649509e-01	-2.3000000e+01	-4.3922928e-01	-2.3000000e+01	-4.0907392e-01	-2.3000000e+01	-4.2499569e-01	-2.3000000e+01	-4.2496336e-01	-2.3000000e+01	-4.2531076e-01	END	END
-2.2000000e+01	-5.7971221e-01	-2.2000000e+01	-5.6828469e-01	-2.2000000e+01	-4.6469653e-01	-2.2000000e+01	-4.2965391e-01	-2.2000000e+01	-4.0588519e-01	-2.2000000e+01	-4.1968149e-01	-2.2000000e+01	-4.2061293e-01	-2.2000000e+01	-4.2124492e-01	END	END
-2.1000000e+01	-5.6400484e-01	-2.1000000e+01	-5.4977262e-01	-2.1000000e+01	-4.5307454e-01	-2.1000000e+01	-4.2039311e-01	-2.1000000e+01	-4.0525770e-01	-2.1000000e+01	-4.1667128e-01	-2.1000000e+01	-4.1887027e-01	-2.1000000e+01	-4.1987282e-01	END	END
-2.0000000e+01	-5.4932624e-01	-2.0000000e+01	-5.3130734e-01	-2.0000000e+01	-4.4195417e-01	-2.0000000e+01	-4.1185421e-01	-2.0000000e+01	-4.0876895e-01	-2.0000000e+01	-4.1738102e-01	-2.0000000e+01	-4.2131418e-01	-2.0000000e+01	-4.2281893e-01	END	END
-1.9000000e+01	-5.3632289e-01	-1.9000000e+01	-5.1310748e-01	-1.9000000e+01	-4.3180481e-01	-1.9000000e+01	-4.0463671e-01	-1.9000000e+01	-4.1886616e-01	-1.9000000e+01	-4.2399746e-01	-1.9000000e+01	-4.3038350e-01	-1.9000000e+01	-4.3259206e-01	END	END
-1.8000000e+01	-5.2594095e-01	-1.8000000e+01	-4.9547309e-01	-1.8000000e+01	-4.2331848e-01	-1.8000000e+01	-3.9964101e-01	-1.8000000e+01	-4.3933684e-01	-1.8000000e+01	-4.3990359e-01	-1.8000000e+01	-4.4982964e-01	-1.8000000e+01	-4.5304283e-01	END	END
-1.7000000e+01	-5.1958758e-01	-1.7000000e+01	-4.7882587e-01	-1.7000000e+01	-4.1753748e-01	-1.7000000e+01	-3.9824736e-01	-1.7000000e+01	-4.7584587e-01	-1.7000000e+01	-4.7020632e-01	-1.7000000e+01	-4.8520762e-01	-1.7000000e+01	-4.8983634e-01	END	END
-1.6000000e+01	-5.1937234e-01	-1.6000000e+01	-4.6377429e-01	-1.6000000e+01	-4.1606504e-01	-1.6000000e+01	-4.0261197e-01	-1.6000000e+01	-5.3593242e-01	-1.6000000e+01	-5.2195477e-01	-1.6000000e+01	-5.4377270e-01	-1.6000000e+01	-5.5023623e-01	END	END
-1.5000000e+01	-5.2843308e-01	-1.5000000e+01	-4.5121863e-01	-1.5000000e+01	-4.2141095e-01	-1.5000000e+01	-4.1614547e-01	-1.5000000e+01	-6.2623924e-01	-1.5000000e+01	-6.0239011e-01	-1.5000000e+01	-6.3157570e-01	-1.5000000e+01	-6.3983911e-01	END	END
-1.4000000e+01	-5.5123794e-01	-1.4000000e+01	-4.4252506e-01	-1.4000000e+01	-4.3753624e-01	-1.4000000e+01	-4.4421867e-01	-1.4000000e+01	-7.4220681e-01	-1.4000000e+01	-7.1112162e-01	-1.4000000e+01	-7.4334460e-01	-1.4000000e+01	-7.5185931e-01	END	END
-1.3000000e+01	-5.9335393e-01	-1.3000000e+01	-4.3981433e-01	-1.3000000e+01	-4.7059646e-01	-1.3000000e+01	-4.9489713e-01	-1.3000000e+01	-8.5084945e-01	-1.3000000e+01	-8.2395446e-01	-1.3000000e+01	-8.4666216e-01	-1.3000000e+01	-8.5180628e-01	END	END
-1.2000000e+01	-6.5912700e-01	-1.2000000e+01	-4.4643563e-01	-1.2000000e+01	-5.2945149e-01	-1.2000000e+01	-5.7838744e-01	-1.2000000e+01	-8.9663726e-01	-1.2000000e+01	-8.8903284e-01	-1.2000000e+01	-8.8926035e-01	-1.2000000e+01	-8.8810915e-01	END	END
-1.1000000e+01	-7.4446410e-01	-1.1000000e+01	-4.6769002e-01	-1.1000000e+01	-6.2381190e-01	-1.1000000e+01	-7.0049804e-01	-1.1000000e+01	-8.5504889e-01	-1.1000000e+01	-8.6985302e-01	-1.1000000e+01	-8.4919578e-01	-1.1000000e+01	-8.4296840e-01	END	END
-1.0000000e+01	-8.2579607e-01	-1.0000000e+01	-5.1168460e-01	-1.0000000e+01	-7.5378543e-01	-1.0000000e+01	-8.4206986e-01	-1.0000000e+01	-7.5578785e-01	-1.0000000e+01	-7.8412032e-01	-1.0000000e+01	-7.5462896e-01	-1.0000000e+01	-7.4658531e-01	END	END
-9.0000000e+00	-8.6313695e-01	-9.0000000e+00	-5.8922452e-01	-9.0000000e+00	-8.8540971e-01	-9.0000000e+00	-9.3784577e-01	-9.0000000e+00	-6.3766170e-01	-9.0000000e+00	-6.7159039e-01	-9.0000000e+00	-6.4195192e-01	-9.0000000e+00	-6.3407105e-01	END	END
-8.0000000e+00	-8.3347201e-01	-8.0000000e+00	-7.0832449e-01	-8.0000000e+00	-9.4396281e-01	-8.0000000e+00	-9.2043382e-01	-8.0000000e+00	-5.1756883e-01	-8.0000000e+00	-5.5479836e-01	-8.0000000e+00	-5.2730542e-01	-8.0000000e+00	-5.1999778e-01	END	END
-7.0000000e+00	-7.5236726e-01	-7.0000000e+00	-8.5375947e-01	-7.0000000e+00	-8.8417131e-01	-7.0000000e+00	-8.0167586e-01	-7.0000000e+00	-3.9747274e-01	-7.0000000e+00	-4.3794855e-01	-7.0000000e+00	-4.1265476e-01	-7.0000000e+00	-4.0592304e-01	END	END
-6.0000000e+00	-6.4953488e-01	-6.0000000e+00	-9.5852649e-01	-6.0000000e+00	-7.4311709e-01	-6.0000000e+00	-6.4117151e-01	-6.0000000e+00	-2.7737665e-01	-6.0000000e+00	-3.2109877e-01	-6.0000000e+00	-2.9800406e-01	-6.0000000e+00	-2.9184833e-01	END	END
-5.0000000e+00	-5.4263067e-01	-5.0000000e+00	-9.3966806e-01	-5.0000000e+00	-5.7662642e-01	-5.0000000e+00	-4.7427824e-01	-5.0000000e+00	-1.5728053e-01	-5.0000000e+00	-2.0424896e-01	-5.0000000e+00	-1.8335339e-01	-5.0000000e+00	-1.7777359e-01	END	END
-4.0000000e+00	-4.0650001e-01	-4.0000000e+00	-3.7869999e-01	-4.0000000e+00	-3.7040001e-01	-4.0000000e+00	-2.5770000e-01	-4.0000000e+00	-3.6499999e-02	-4.0000000e+00	-3.6300000e-02	-4.0000000e+00	-4.1200001e-02	-4.0000000e+00	-4.4599999e-02	END	END
-3.5000000e+00	-3.6610001e-01	-3.5000000e+00	-3.3129999e-01	-3.5000000e+00	-3.1729999e-01	-3.5000000e+00	-1.8510000e-01	-3.5000000e+00	2.1500001e-02	-3.5000000e+00	1.6899999e-02	-3.5000000e+00	1.3300000e-02	-3.5000000e+00	1.0200000e-02	END	END
-3.0000000e+00	-3.2020000e-01	-3.0000000e+00	-2.8290001e-01	-3.0000000e+00	-2.2810000e-01	-3.0000000e+00	-1.0450000e-01	-3.0000000e+00	7.5900003e-02	-3.0000000e+00	7.0799999e-02	-3.0000000e+00	6.7199998e-02	-3.0000000e+00	6.5399997e-02	END	END
-2.5000000e+00	-2.7010000e-01	-2.5000000e+00	-2.3340000e-01	-2.5000000e+00	-1.4579999e-01	-2.5000000e+00	-3.7000000e-02	-2.5000000e+00	1.2860000e-01	-2.5000000e+00	1.2460000e-01	-2.5000000e+00	1.2200000e-01	-2.5000000e+00	1.2050000e-01	END	END
-2.0000000e+00	-2.1690001e-01	-2.0000000e+00	-1.8269999e-01	-2.0000000e+00	-6.3400000e-02	-2.0000000e+00	3.9099999e-02	-2.0000000e+00	1.7850000e-01	-2.0000000e+00	1.7880000e-01	-2.0000000e+00	1.7690000e-01	-2.0000000e+00	1.7560001e-01	END	END
-1.5000000e+00	-1.7030001e-01	-1.5000000e+00	-1.3470000e-01	-1.5000000e+00	1.3200000e-02	-1.5000000e+00	1.1200000e-01	-1.5000000e+00	2.2970000e-01	-1.5000000e+00	2.3090000e-01	-1.5000000e+00	2.3109999e-01	-1.5000000e+00	2.3109999e-01	END	END
-1.0000000e+00	-8.8500001e-02	-1.0000000e+00	-8.0100000e-02	-1.0000000e+00	8.2900003e-02	-1.0000000e+00	2.1050000e-01	-1.0000000e+00	2.7419999e-01	-1.0000000e+00	2.8420001e-01	-1.0000000e+00	2.8420001e-01	-1.0000000e+00	2.8500000e-01	END	END
-5.0000000e-01	-4.5800000e-02	-5.0000000e-01	-4.6700001e-02	-5.0000000e-01	1.7700000e-01	-5.0000000e-01	2.9370001e-01	-5.0000000e-01	3.3469999e-01	-5.0000000e-01	3.3530000e-01	-5.0000000e-01	3.3800000e-01	-5.0000000e-01	3.3860001e-01	END	END
0.0000000e+00	-7.6000001e-03	0.0000000e+00	-6.8999999e-03	0.0000000e+00	2.6750001e-01	0.0000000e+00	3.6059999e-01	0.0000000e+00	4.4319999e-01	0.0000000e+00	3.8000000e-01	0.0000000e+00	3.8990000e-01	0.0000000e+00	3.9260000e-01	END	END
5.0000000e-01	2.9200001e-02	5.0000000e-01	8.3600000e-02	5.0000000e-01	3.2820001e-01	5.0000000e-01	4.2469999e-01	5.0000000e-01	4.9270001e-01	5.0000000e-01	4.4159999e-01	5.0000000e-01	4.3689999e-01	5.0000000e-01	4.4409999e-01	END	END
1.0000000e+00	6.4700000e-02	1.0000000e+00	1.9030000e-01	1.0000000e+00	3.9660001e-01	1.0000000e+00	4.8600000e-01	1.0000000e+00	5.4210001e-01	1.0000000e+00	5.4380000e-01	1.0000000e+00	4.9239999e-01	1.0000000e+00	4.9020001e-01	END	END
1.5000000e+00	9.8700002e-02	1.5000000e+00	2.6679999e-01	1.5000000e+00	4.6709999e-01	1.5000000e+00	5.4509997e-01	1.5000000e+00	5.9140003e-01	1.5000000e+00	5.9350002e-01	1.5000000e+00	5.8240002e-01	1.5000000e+00	5.4990000e-01	END	END
2.0000000e+00	1.3120000e-01	2.0000000e+00	3.4000000e-01	2.0000000e+00	5.3719997e-01	2.0000000e+00	6.0270000e-01	2.0000000e+00	6.4069998e-01	2.0000000e+00	6.4260000e-01	2.0000000e+00	6.4450002e-01	2.0000000e+00	6.3760000e-01	END	END
2.5000000e+00	1.6180000e-01	2.5000000e+00	4.1080001e-01	2.5000000e+00	6.0780001e-01	2.5000000e+00	6.6030002e-01	2.5000000e+00	6.8970001e-01	2.5000000e+00	6.9139999e-01	2.5000000e+00	6.9279999e-01	2.5000000e+00	6.9510001e-01	END	END
3.0000000e+00	1.9050001e-01	3.0000000e+00	4.7909999e-01	3.0000000e+00	6.7809999e-01	3.0000000e+00	7.1990001e-01	3.0000000e+00	7.3780000e-01	3.0000000e+00	7.3890001e-01	3.0000000e+00	7.4089998e-01	3.0000000e+00	7.4250001e-01	END	END
3.5000000e+00	2.1750000e-01	3.5000000e+00	5.5140001e-01	3.5000000e+00	7.3189998e-01	3.5000000e+00	7.6819998e-01	3.5000000e+00	7.8539997e-01	3.5000000e+00	7.8579998e-01	3.5000000e+00	7.8630000e-01	3.5000000e+00	7.8600001e-01	END	END
4.0000000e+00	2.4310000e-01	4.0000000e+00	6.1220002e-01	4.0000000e+00	8.0010003e-01	4.0000000e+00	8.1999999e-01	4.0000000e+00	8.3209997e-01	4.0000000e+00	8.3069998e-01	4.0000000e+00	8.3069998e-01	4.0000000e+00	8.3240002e-01	END	END
4.5000000e+00	2.6809999e-01	4.5000000e+00	6.5149999e-01	4.5000000e+00	8.5130000e-01	4.5000000e+00	8.7080002e-01	4.5000000e+00	8.7699997e-01	4.5000000e+00	8.7550002e-01	4.5000000e+00	8.7769997e-01	4.5000000e+00	8.8129997e-01	END	END
5.0000000e+00	2.9260001e-01	5.0000000e+00	7.0929998e-01	5.0000000e+00	9.0259999e-01	5.0000000e+00	9.2089999e-01	5.0000000e+00	9.2040002e-01	5.0000000e+00	9.2189997e-01	5.0000000e+00	9.2690003e-01	5.0000000e+00	9.3159997e-01	END	END
5.5000000e+00	3.1690001e-01	5.5000000e+00	7.5029999e-01	5.5000000e+00	9.5810002e-01	5.5000000e+00	9.7180003e-01	5.5000000e+00	9.6480000e-01	5.5000000e+00	9.6980000e-01	5.5000000e+00	9.7670001e-01	6.0000000e+00	1.0332000e+00	END	END
6.0000000e+00	3.4110001e-01	6.0000000e+00	7.5910002e-01	6.0000000e+00	1.0046000e+00	6.0000000e+00	1.0172000e+00	6.0000000e+00	1.0108000e+00	6.0000000e+00	1.0188000e+00	6.0000000e+00	1.0269001e+00	6.5000000e+00	1.0833000e+00	END	END
6.5000000e+00	3.6480001e-01	6.5000000e+00	7.8520000e-01	6.5000000e+00	1.0576000e+00	6.5000000e+00	1.0628999e+00	6.5000000e+00	1.0571001e+00	6.5000000e+00	1.0674000e+00	6.5000000e+00	1.0766000e+00	7.0000000e+00	1.1327000e+00	END	END
7.0000000e+00	3.8800001e-01	7.0000000e+00	8.1830001e-01	7.0000000e+00	1.1004000e+00	7.0000000e+00	1.1081001e+00	7.0000000e+00	1.1034000e+00	7.0000000e+00	1.1154000e+00	7.0000000e+00	1.1259000e+00	7.5000000e+00	1.1784000e+00	END	END
7.5000000e+00	4.1060001e-01	7.5000000e+00	8.7419999e-01	7.5000000e+00	1.1464000e+00	7.5000000e+00	1.1551000e+00	7.5000000e+00	1.1482000e+00	7.5000000e+00	1.1630000e+00	7.5000000e+00	1.1744000e+00	8.0000000e+00	1.2170000e+00	END	END
8.5000000e+00	4.5370001e-01	8.0000000e+00	8.6320001e-01	8.0000000e+00	1.1891000e+00	8.0000000e+00	1.1957000e+00	8.0000000e+00	1.1899000e+00	8.0000000e+00	1.2084000e+00	8.0000000e+00	1.2156000e+00	8.5000000e+00	1.2570000e+00	END	END
9.0000000e+00	4.7389999e-01	8.5000000e+00	8.7709999e-01	8.5000000e+00	1.2319000e+00	8.5000000e+00	1.2376000e+00	8.5000000e+00	1.2308000e+00	8.5000000e+00	1.2491000e+00	8.5000000e+00	1.2517999e+00	9.0000000e+00	1.2994000e+00	END	END
9.5000000e+00	4.9320000e-01	9.0000000e+00	1.1466000e+00	9.0000000e+00	1.2754000e+00	9.0000000e+00	1.2732000e+00	9.0000000e+00	1.2689000e+00	9.0000000e+00	1.2810000e+00	9.0000000e+00	1.2905999e+00	9.5000000e+00	1.3349000e+00	END	END
1.0500000e+01	5.9210002e-01	9.5000000e+00	1.2067000e+00	9.5000000e+00	1.3090000e+00	9.5000000e+00	1.3004000e+00	9.5000000e+00	1.2987000e+00	9.5000000e+00	1.3123000e+00	9.5000000e+00	1.3293000e+00	1.0000000e+01	1.3550000e+00	END	END
1.1000000e+01	6.1970001e-01	1.0000000e+01	1.2466000e+00	1.0000000e+01	1.3351001e+00	1.0000000e+01	1.3180000e+00	1.0000000e+01	1.3196000e+00	1.0000000e+01	1.3439000e+00	1.0000000e+01	1.3549000e+00	1.0500000e+01	1.3861001e+00	END	END
1.2000000e+01	6.8940002e-01	1.0500000e+01	1.2106000e+00	1.0500000e+01	1.3487000e+00	1.0500000e+01	1.3298000e+00	1.0500000e+01	1.3405000e+00	1.0500000e+01	1.3716000e+00	1.0500000e+01	1.3732001e+00	1.1000000e+01	1.4152000e+00	END	END
1.2500000e+01	6.9849998e-01	1.7500000e+01	9.2540002e-01	1.1000000e+01	1.3688000e+00	1.1000000e+01	1.3410000e+00	1.1000000e+01	1.3627000e+00	1.1000000e+01	1.3803999e+00	1.1000000e+01	1.3990999e+00	1.1500000e+01	1.4434000e+00	END	END
1.3000000e+01	4.7670001e-01	1.8000000e+01	9.4639999e-01	1.1500000e+01	1.3755000e+00	1.1500000e+01	1.3545001e+00	1.1500000e+01	1.3844000e+00	1.1500000e+01	1.4023000e+00	1.1500000e+01	1.4206001e+00	1.2000000e+01	1.4677000e+00	END	END
1.3500000e+01	4.9559999e-01	1.8500000e+01	9.4779998e-01	1.2000000e+01	1.3799000e+00	1.2000000e+01	1.3633000e+00	1.2000000e+01	1.3975000e+00	1.2000000e+01	1.4198999e+00	1.2000000e+01	1.4391000e+00	1.2500000e+01	1.4874001e+00	END	END
1.4000000e+01	5.0239998e-01	1.9000000e+01	9.6869999e-01	1.2500000e+01	1.3812000e+00	1.2500000e+01	1.3665000e+00	1.3000000e+01	1.3966000e+00	1.2500000e+01	1.4313999e+00	1.2500000e+01	1.4579000e+00	1.3000000e+01	1.4970000e+00	END	END
1.4500000e+01	5.1270002e-01	1.9500000e+01	6.5799999e-01	1.3000000e+01	1.3731000e+00	1.3000000e+01	1.3591000e+00	1.3500000e+01	1.3933001e+00	1.3000000e+01	1.4355000e+00	1.3000000e+01	1.4726000e+00	1.3500000e+01	1.4931999e+00	END	END
1.5000000e+01	7.9850000e-01	2.0000000e+01	9.9059999e-01	1.3500000e+01	1.3494999e+00	1.3500000e+01	1.3398000e+00	1.4000000e+01	1.3836000e+00	1.3500000e+01	1.4304000e+00	1.3500000e+01	1.4822000e+00	1.4000000e+01	1.5072000e+00	END	END
1.5500000e+01	8.1580001e-01	2.1000000e+01	9.0198487e-01	1.4000000e+01	1.3197000e+00	1.4000000e+01	1.3152000e+00	1.4500000e+01	1.3672000e+00	1.4000000e+01	1.4136000e+00	1.4000000e+01	1.4861000e+00	1.4500000e+01	1.5156000e+00	END	END
1.6000000e+01	8.3590001e-01	2.2000000e+01	8.9000452e-01	1.4500000e+01	1.3033000e+00	1.4500000e+01	1.2993000e+00	1.5000000e+01	1.3474000e+00	1.4500000e+01	1.3983001e+00	1.4500000e+01	1.4807000e+00	1.5000000e+01	1.5184000e+00	END	END
1.6500000e+01	8.6180001e-01	2.3000000e+01	8.8107300e-01	1.5000000e+01	1.2789000e+00	1.5000000e+01	1.2927001e+00	1.5500000e+01	1.3328000e+00	1.5000000e+01	1.3983999e+00	1.5000000e+01	1.4629000e+00	1.5500000e+01	1.5160000e+00	END	END
1.7000000e+01	8.7449998e-01	2.4000000e+01	8.7479454e-01	1.5500000e+01	1.2548000e+00	1.5500000e+01	1.2908000e+00	1.6000000e+01	1.3250999e+00	1.5500000e+01	1.3914000e+00	1.5500000e+01	1.4325000e+00	1.6000000e+01	1.5077000e+00	END	END
1.8000000e+01	9.1060001e-01	2.5000000e+01	8.7079233e-01	1.6000000e+01	1.2237000e+00	1.6000000e+01	1.2790000e+00	1.6500000e+01	1.3163000e+00	1.6000000e+01	1.3792000e+00	1.6000000e+01	1.4087000e+00	1.6500000e+01	1.4944000e+00	END	END
1.8500000e+01	9.3760002e-01	2.6000000e+01	8.6871737e-01	1.6500000e+01	1.1138000e+00	1.6500000e+01	1.2654001e+00	1.7000000e+01	1.3071001e+00	1.6500000e+01	1.3648000e+00	1.6500000e+01	1.3993000e+00	1.7000000e+01	1.4761000e+00	END	END
1.9000000e+01	9.4870001e-01	2.7000000e+01	8.6825210e-01	1.7000000e+01	1.0084000e+00	1.7000000e+01	1.2558000e+00	1.7500000e+01	1.2957000e+00	1.7000000e+01	1.3493000e+00	1.7000000e+01	1.3859000e+00	1.7500000e+01	1.4542000e+00	END	END
1.9500000e+01	9.6039999e-01	2.8000000e+01	8.6911094e-01	1.7500000e+01	9.8989999e-01	1.7500000e+01	1.2388999e+00	1.8000000e+01	1.2810000e+00	1.7500000e+01	1.3336999e+00	1.7500000e+01	1.3702000e+00	1.8000000e+01	1.4294000e+00	END	END
2.0000000e+01	9.7950000e-01	2.9000000e+01	8.7103909e-01	1.8000000e+01	9.5940000e-01	1.8500000e+01	9.9400002e-01	1.8500000e+01	1.2634000e+00	1.8000000e+01	1.3176000e+00	1.8000000e+01	1.3538001e+00	1.8500000e+01	1.4042000e+00	END	END
2.1000000e+01	5.7593268e-01	3.0000000e+01	8.7381005e-01	1.9000000e+01	1.0078000e+00	1.9500000e+01	9.8509997e-01	1.9000000e+01	1.2419000e+00	1.8500000e+01	1.3025000e+00	1.8500000e+01	1.3371000e+00	1.9000000e+01	1.3789001e+00	END	END
2.2000000e+01	5.9305930e-01	3.1000000e+01	8.7722325e-01	1.9500000e+01	1.0030000e+00	2.0000000e+01	1.3478719e+00	1.9500000e+01	1.2142000e+00	1.9000000e+01	1.2873000e+00	1.9000000e+01	1.3207999e+00	1.9500000e+01	1.3566000e+00	END	END
2.3000000e+01	6.1031747e-01	3.2000000e+01	8.8110107e-01	2.0000000e+01	1.3367474e+00	2.1000000e+01	1.3412830e+00	2.0000000e+01	1.1746000e+00	1.9500000e+01	1.2726001e+00	1.9500000e+01	1.3053000e+00	2.0000000e+01	1.3380001e+00	END	END
2.4000000e+01	6.2756038e-01	3.3000000e+01	8.8528651e-01	2.1000000e+01	1.3250175e+00	2.2000000e+01	1.3354688e+00	2.1000000e+01	1.4413400e+00	2.0000000e+01	1.2587000e+00	2.0000000e+01	1.2911000e+00	2.1000000e+01	-1.4617541e+01	END	END
2.5000000e+01	6.4466661e-01	3.4000000e+01	8.8964057e-01	2.2000000e+01	1.3141698e+00	2.3000000e+01	1.3306090e+00	2.2000000e+01	1.4359533e+00	2.1000000e+01	1.3791460e+00	2.1000000e+01	1.3684810e+00	2.2000000e+01	-1.4526281e+01	END	END
2.6000000e+01	6.6153455e-01	3.5000000e+01	8.9404005e-01	2.3000000e+01	1.3044389e+00	2.4000000e+01	1.3268018e+00	2.3000000e+01	1.4308659e+00	2.2000000e+01	1.3640860e+00	2.2000000e+01	1.3506805e+00	2.3000000e+01	-1.4435021e+01	END	END
2.7000000e+01	6.7807835e-01	3.6000000e+01	8.9837587e-01	2.4000000e+01	1.2959582e+00	2.5000000e+01	1.3240823e+00	2.4000000e+01	1.4263532e+00	2.3000000e+01	1.3504591e+00	2.3000000e+01	1.3348562e+00	2.4000000e+01	-1.4343761e+01	END	END
2.8000000e+01	6.9422472e-01	3.7000000e+01	9.0255105e-01	2.5000000e+01	1.2887819e+00	2.6000000e+01	1.3224370e+00	2.5000000e+01	1.4225975e+00	2.4000000e+01	1.3385577e+00	2.4000000e+01	1.3212786e+00	2.5000000e+01	-1.4252502e+01	END	END
2.9000000e+01	7.0991051e-01	3.8000000e+01	9.0647924e-01	2.6000000e+01	1.2829049e+00	2.7000000e+01	1.3218170e+00	2.6000000e+01	1.4197041e+00	2.5000000e+01	1.3285246e+00	2.5000000e+01	1.3100470e+00	2.6000000e+01	-1.4161242e+01	END	END
3.0000000e+01	7.2508067e-01	3.9000000e+01	9.1008377e-01	2.7000000e+01	1.2782784e+00	2.8000000e+01	1.3221467e+00	2.7000000e+01	1.4177159e+00	2.6000000e+01	1.3203881e+00	2.6000000e+01	1.3011360e+00	2.7000000e+01	-1.4069983e+01	END	END
3.1000000e+01	7.3968691e-01	4.0000000e+01	9.1329610e-01	2.8000000e+01	1.2748219e+00	2.9000000e+01	1.3233324e+00	2.8000000e+01	1.4166280e+00	2.7000000e+01	1.3140943e+00	2.7000000e+01	1.2944332e+00	2.8000000e+01	-1.3978723e+01	END	END
3.2000000e+01	7.5368643e-01	4.1000000e+01	9.1605520e-01	2.9000000e+01	1.2724340e+00	3.0000000e+01	1.3252686e+00	2.9000000e+01	1.4163982e+00	2.8000000e+01	1.3095312e+00	2.8000000e+01	1.2897693e+00	2.9000000e+01	-1.3887463e+01	END	END
3.3000000e+01	7.6704109e-01	4.2000000e+01	9.1830653e-01	3.0000000e+01	1.2709988e+00	3.1000000e+01	1.3278424e+00	3.0000000e+01	1.4169569e+00	2.9000000e+01	1.3065494e+00	2.9000000e+01	1.2869413e+00	3.0000000e+01	-1.3796204e+01	END	END
3.4000000e+01	7.7971661e-01	4.3000000e+01	9.2000127e-01	3.1000000e+01	1.2703933e+00	3.2000000e+01	1.3309367e+00	3.1000000e+01	1.4182153e+00	3.0000000e+01	1.3049769e+00	3.0000000e+01	1.2857286e+00	3.1000000e+01	-1.3704944e+01	END	END
3.5000000e+01	7.9168206e-01	4.4000000e+01	9.2109597e-01	3.2000000e+01	1.2704897e+00	3.3000000e+01	1.3344340e+00	3.2000000e+01	1.4200711e+00	3.1000000e+01	1.3046302e+00	3.1000000e+01	1.2859052e+00	3.2000000e+01	-1.3613684e+01	END	END
3.6000000e+01	8.0290949e-01	4.5000000e+01	9.2155176e-01	3.3000000e+01	1.2711605e+00	3.4000000e+01	1.3382175e+00	3.3000000e+01	1.4224139e+00	3.2000000e+01	1.3053221e+00	3.2000000e+01	1.2872475e+00	3.3000000e+01	-1.3522424e+01	END	END
3.7000000e+01	8.1337333e-01	4.6000000e+01	9.2133415e-01	3.4000000e+01	1.2722796e+00	3.5000000e+01	1.3421730e+00	3.4000000e+01	1.4251288e+00	3.3000000e+01	1.3068675e+00	3.3000000e+01	1.2895395e+00	3.4000000e+01	-1.3431164e+01	END	END
3.8000000e+01	8.2305032e-01	4.7000000e+01	9.2041224e-01	3.5000000e+01	1.2737243e+00	3.6000000e+01	1.3461893e+00	3.5000000e+01	1.4280994e+00	3.4000000e+01	1.3090870e+00	3.4000000e+01	1.2925758e+00	3.5000000e+01	-1.3339905e+01	END	END
3.9000000e+01	8.3191931e-01	4.8000000e+01	9.1875899e-01	3.6000000e+01	1.2753763e+00	3.7000000e+01	1.3501596e+00	3.6000000e+01	1.4312098e+00	3.5000000e+01	1.3118094e+00	3.5000000e+01	1.2961637e+00	3.6000000e+01	-1.3248645e+01	END	END
4.0000000e+01	8.3996099e-01	4.9000000e+01	9.1635025e-01	3.7000000e+01	1.2771225e+00	3.8000000e+01	1.3539820e+00	3.7000000e+01	1.4343463e+00	3.6000000e+01	1.3148727e+00	3.6000000e+01	1.3001237e+00	3.7000000e+01	-1.3157385e+01	END	END
4.1000000e+01	8.4715760e-01	5.0000000e+01	9.1316503e-01	3.8000000e+01	1.2788553e+00	3.9000000e+01	1.3575586e+00	3.8000000e+01	1.4373990e+00	3.7000000e+01	1.3181251e+00	3.7000000e+01	1.3042896e+00	3.8000000e+01	-1.3066125e+01	END	END
4.2000000e+01	8.5349315e-01	5.1000000e+01	9.0918499e-01	3.9000000e+01	1.2804730e+00	4.0000000e+01	1.3607974e+00	3.9000000e+01	1.4402617e+00	3.8000000e+01	1.3214250e+00	3.8000000e+01	1.3085083e+00	3.9000000e+01	-1.2974865e+01	END	END
4.3000000e+01	8.5895294e-01	5.2000000e+01	9.0439451e-01	4.0000000e+01	1.2818794e+00	4.1000000e+01	1.3636107e+00	4.0000000e+01	1.4428331e+00	3.9000000e+01	1.3246408e+00	3.9000000e+01	1.3126390e+00	4.0000000e+01	-1.2883605e+01	END	END
4.4000000e+01	8.6352396e-01	5.3000000e+01	8.9878017e-01	4.1000000e+01	1.2829845e+00	4.2000000e+01	1.3659163e+00	4.1000000e+01	1.4450170e+00	4.0000000e+01	1.3276510e+00	4.0000000e+01	1.3165529e+00	4.1000000e+01	-1.2792346e+01	END	END
4.5000000e+01	8.6719429e-01	5.4000000e+01	8.9233094e-01	4.2000000e+01	1.2837037e+00	4.3000000e+01	1.3676364e+00	4.2000000e+01	1.4467223e+00	4.1000000e+01	1.3303435e+00	4.1000000e+01	1.3201317e+00	4.2000000e+01	-1.2701086e+01	END	END
4.6000000e+01	8.6995345e-01	5.5000000e+01	8.8503790e-01	4.3000000e+01	1.2839578e+00	4.4000000e+01	1.3686987e+00	4.3000000e+01	1.4478631e+00	4.2000000e+01	1.3326147e+00	4.2000000e+01	1.3232675e+00	4.3000000e+01	-1.2609826e+01	END	END
4.7000000e+01	8.7179226e-01	5.6000000e+01	8.7689418e-01	4.4000000e+01	1.2836734e+00	4.5000000e+01	1.3690349e+00	4.4000000e+01	1.4483590e+00	4.3000000e+01	1.3343698e+00	4.3000000e+01	1.3258617e+00	4.4000000e+01	-1.2518566e+01	END	END
4.8000000e+01	8.7270278e-01	5.7000000e+01	8.6789483e-01	4.5000000e+01	1.2827817e+00	4.6000000e+01	1.3685818e+00	4.5000000e+01	1.4481348e+00	4.4000000e+01	1.3355215e+00	4.4000000e+01	1.3278246e+00	4.5000000e+01	-1.2427306e+01	END	END
4.9000000e+01	8.7267810e-01	5.8000000e+01	8.5803670e-01	4.6000000e+01	1.2812194e+00	4.7000000e+01	1.3672802e+00	4.6000000e+01	1.4471200e+00	4.5000000e+01	1.3359898e+00	4.5000000e+01	1.3290740e+00	4.6000000e+01	-1.2336047e+01	END	END
5.0000000e+01	8.7171280e-01	5.9000000e+01	8.4731847e-01	4.7000000e+01	1.2789272e+00	4.8000000e+01	1.3650757e+00	4.7000000e+01	1.4452494e+00	4.6000000e+01	1.3357018e+00	4.6000000e+01	1.3295355e+00	4.7000000e+01	-1.2244787e+01	END	END
5.1000000e+01	8.6980253e-01	6.0000000e+01	8.3574057e-01	4.8000000e+01	1.2758511e+00	4.9000000e+01	1.3619177e+00	4.8000000e+01	1.4424629e+00	4.7000000e+01	1.3345907e+00	4.7000000e+01	1.3291413e+00	4.8000000e+01	-1.2153527e+01	END	END
5.2000000e+01	8.6694407e-01	6.1000000e+01	8.2330507e-01	4.9000000e+01	1.2719409e+00	5.0000000e+01	1.3577598e+00	4.9000000e+01	1.4387046e+00	4.8000000e+01	1.3325958e+00	4.8000000e+01	1.3278296e+00	4.9000000e+01	-1.2062267e+01	END	END
5.3000000e+01	8.6313540e-01	6.2000000e+01	8.1001556e-01	5.0000000e+01	1.2671511e+00	5.1000000e+01	1.3525597e+00	5.0000000e+01	1.4339236e+00	4.9000000e+01	1.3296620e+00	4.9000000e+01	1.3255452e+00	5.0000000e+01	-1.1971007e+01	END	END
5.4000000e+01	8.5837573e-01	6.3000000e+01	7.9587728e-01	5.1000000e+01	1.2614397e+00	5.2000000e+01	1.3462784e+00	5.1000000e+01	1.4280730e+00	5.0000000e+01	1.3257391e+00	5.0000000e+01	1.3222377e+00	5.1000000e+01	-1.1879748e+01	END	END
5.5000000e+01	8.5266536e-01	6.4000000e+01	7.8089696e-01	5.2000000e+01	1.2547687e+00	5.3000000e+01	1.3388814e+00	5.2000000e+01	1.4211106e+00	5.1000000e+01	1.3207824e+00	5.1000000e+01	1.3178622e+00	5.2000000e+01	-1.1788488e+01	END	END
5.6000000e+01	8.4600580e-01	6.5000000e+01	7.6508284e-01	5.3000000e+01	1.2471044e+00	5.4000000e+01	1.3303373e+00	5.3000000e+01	1.4129982e+00	5.2000000e+01	1.3147516e+00	5.2000000e+01	1.3123782e+00	5.3000000e+01	-1.1697228e+01	END	END
5.7000000e+01	8.3839971e-01	6.6000000e+01	7.4844456e-01	5.4000000e+01	1.2384160e+00	5.5000000e+01	1.3206183e+00	5.4000000e+01	1.4037015e+00	5.3000000e+01	1.3076108e+00	5.3000000e+01	1.3057503e+00	5.4000000e+01	-1.1605968e+01	END	END
5.8000000e+01	8.2985091e-01	6.7000000e+01	7.3099315e-01	5.5000000e+01	1.2286764e+00	5.6000000e+01	1.3097004e+00	5.5000000e+01	1.3931906e+00	5.4000000e+01	1.2993282e+00	5.4000000e+01	1.2979469e+00	5.5000000e+01	-1.1514709e+01	END	END
5.9000000e+01	8.2036436e-01	6.8000000e+01	7.1274108e-01	5.6000000e+01	1.2178624e+00	5.7000000e+01	1.2975627e+00	5.6000000e+01	1.3814389e+00	5.5000000e+01	1.2898763e+00	5.5000000e+01	1.2889409e+00	5.6000000e+01	-1.1423449e+01	END	END
6.0000000e+01	8.0994612e-01	6.9000000e+01	6.9370210e-01	5.7000000e+01	1.2059534e+00	5.8000000e+01	1.2841878e+00	5.7000000e+01	1.3684238e+00	5.6000000e+01	1.2792313e+00	5.6000000e+01	1.2787087e+00	5.7000000e+01	-1.1332190e+01	END	END
6.1000000e+01	7.9860365e-01	7.0000000e+01	6.7389131e-01	5.8000000e+01	1.1929324e+00	5.9000000e+01	1.2695615e+00	5.8000000e+01	1.3541265e+00	5.7000000e+01	1.2673732e+00	5.7000000e+01	1.2672307e+00	5.8000000e+01	-1.1240930e+01	END	END
6.2000000e+01	7.8634524e-01	7.1000000e+01	6.5332508e-01	5.9000000e+01	1.1787854e+00	6.0000000e+01	1.2536730e+00	5.9000000e+01	1.3385313e+00	5.8000000e+01	1.2542853e+00	5.8000000e+01	1.2544909e+00	5.9000000e+01	-1.1149670e+01	END	END
6.3000000e+01	7.7318054e-01	7.2000000e+01	6.3202113e-01	6.0000000e+01	1.1635016e+00	6.1000000e+01	1.2365144e+00	6.0000000e+01	1.3216263e+00	5.9000000e+01	1.2399547e+00	5.9000000e+01	1.2404766e+00	6.0000000e+01	-1.1058410e+01	END	END
6.4000000e+01	7.5912035e-01	7.3000000e+01	6.0999823e-01	6.1000000e+01	1.1470734e+00	6.2000000e+01	1.2180810e+00	6.1000000e+01	1.3034033e+00	6.0000000e+01	1.2243714e+00	6.0000000e+01	1.2251785e+00	6.1000000e+01	-1.0967150e+01	END	END
6.5000000e+01	7.4417645e-01	7.4000000e+01	5.8727652e-01	6.2000000e+01	1.1294954e+00	6.3000000e+01	1.1983714e+00	6.2000000e+01	1.2838566e+00	6.1000000e+01	1.2075291e+00	6.1000000e+01	1.2085907e+00	6.2000000e+01	-1.0875891e+01	END	END
6.6000000e+01	7.2836190e-01	7.5000000e+01	5.6387722e-01	6.3000000e+01	1.1107659e+00	6.4000000e+01	1.1773869e+00	6.3000000e+01	1.2629848e+00	6.2000000e+01	1.1894240e+00	6.2000000e+01	1.1907103e+00	6.3000000e+01	-1.0784631e+01	END	END
6.7000000e+01	7.1169090e-01	7.6000000e+01	5.3982276e-01	6.4000000e+01	1.0908855e+00	6.5000000e+01	1.1551318e+00	6.4000000e+01	1.2407887e+00	6.3000000e+01	1.1700562e+00	6.3000000e+01	1.1715374e+00	6.4000000e+01	-1.0693371e+01	END	END
6.8000000e+01	6.9417870e-01	7.7000000e+01	5.1513672e-01	6.5000000e+01	1.0698578e+00	6.6000000e+01	1.1316137e+00	6.5000000e+01	1.2172730e+00	6.4000000e+01	1.1494281e+00	6.4000000e+01	1.1510752e+00	6.5000000e+01	-1.0602111e+01	END	END
6.9000000e+01	6.7584181e-01	7.8000000e+01	4.8984364e-01	6.6000000e+01	1.0476890e+00	6.7000000e+01	1.1068426e+00	6.6000000e+01	1.1924450e+00	6.5000000e+01	1.1275452e+00	6.5000000e+01	1.1293299e+00	6.6000000e+01	-1.0510851e+01	END	END
7.0000000e+01	6.5669763e-01	7.9000000e+01	4.6396923e-01	6.7000000e+01	1.0243880e+00	6.8000000e+01	1.0808316e+00	6.7000000e+01	1.1663156e+00	6.6000000e+01	1.1044159e+00	6.6000000e+01	1.1063105e+00	6.7000000e+01	-1.0419592e+01	END	END
7.1000000e+01	6.3676488e-01	8.0000000e+01	4.3754020e-01	6.8000000e+01	9.9996632e-01	6.9000000e+01	1.0535965e+00	6.8000000e+01	1.1388979e+00	6.7000000e+01	1.0800512e+00	6.7000000e+01	1.0820286e+00	6.8000000e+01	-1.0328332e+01	END	END
7.2000000e+01	6.1606330e-01	8.1000000e+01	4.1058427e-01	6.9000000e+01	9.7443795e-01	7.0000000e+01	1.0251559e+00	6.9000000e+01	1.1102085e+00	6.8000000e+01	1.0544649e+00	6.8000000e+01	1.0564986e+00	6.9000000e+01	-1.0237072e+01	END	END
7.3000000e+01	5.9461361e-01	8.2000000e+01	3.8313010e-01	7.0000000e+01	9.4781953e-01	7.1000000e+01	9.9553102e-01	7.0000000e+01	1.0802667e+00	6.9000000e+01	1.0276737e+00	6.9000000e+01	1.0297379e+00	7.0000000e+01	-1.0145812e+01	END	END
7.4000000e+01	5.7243776e-01	8.3000000e+01	3.5520729e-01	7.1000000e+01	9.2013007e-01	7.2000000e+01	9.6474570e-01	7.1000000e+01	1.0490944e+00	7.0000000e+01	9.9969649e-01	7.0000000e+01	1.0017661e+00	7.1000000e+01	-1.0054552e+01	END	END
7.5000000e+01	5.4955858e-01	8.4000000e+01	3.2684639e-01	7.2000000e+01	8.9139104e-01	7.3000000e+01	9.3282646e-01	7.2000000e+01	1.0167165e+00	7.1000000e+01	9.7055489e-01	7.1000000e+01	9.7260547e-01	7.2000000e+01	-9.9632931e+00	END	END
7.6000000e+01	5.2600008e-01	8.5000000e+01	2.9807872e-01	7.3000000e+01	8.6162609e-01	7.4000000e+01	8.9980227e-01	7.3000000e+01	9.8316050e-01	7.2000000e+01	9.4027293e-01	7.2000000e+01	9.4228071e-01	7.3000000e+01	-9.8720331e+00	END	END
7.7000000e+01	5.0178719e-01	8.6000000e+01	2.6893649e-01	7.4000000e+01	8.3086145e-01	7.5000000e+01	8.6570460e-01	7.4000000e+01	9.4845629e-01	7.3000000e+01	9.0887719e-01	7.3000000e+01	9.1081917e-01	7.4000000e+01	-9.7807732e+00	END	END
7.8000000e+01	4.7694588e-01	8.7000000e+01	2.3945266e-01	7.5000000e+01	7.9912543e-01	7.6000000e+01	8.3056724e-01	7.5000000e+01	9.1263670e-01	7.4000000e+01	8.7639642e-01	7.4000000e+01	8.7825042e-01	7.5000000e+01	-9.6895132e+00	END	END
7.9000000e+01	4.5150307e-01	8.8000000e+01	2.0966096e-01	7.6000000e+01	7.6644844e-01	7.7000000e+01	7.9442644e-01	7.6000000e+01	8.7573665e-01	7.5000000e+01	8.4286177e-01	7.5000000e+01	8.4460634e-01	7.6000000e+01	-9.5982533e+00	END	END
8.0000000e+01	4.2548659e-01	8.9000000e+01	1.7959584e-01	7.7000000e+01	7.3286325e-01	7.8000000e+01	7.5732070e-01	7.7000000e+01	8.3779383e-01	7.6000000e+01	8.0830669e-01	7.6000000e+01	8.0992115e-01	7.7000000e+01	-9.5069933e+00	END	END
8.1000000e+01	3.9892524e-01	9.0000000e+01	1.4929235e-01	7.8000000e+01	6.9840443e-01	7.9000000e+01	7.1929067e-01	7.8000000e+01	7.9884791e-01	7.7000000e+01	7.7276665e-01	7.7000000e+01	7.7423114e-01	7.8000000e+01	-9.4157343e+00	END	END
8.2000000e+01	3.7184873e-01	9.1000000e+01	1.1878623e-01	7.9000000e+01	6.6310889e-01	8.0000000e+01	6.8037921e-01	7.9000000e+01	7.5894111e-01	7.8000000e+01	7.3627937e-01	7.8000000e+01	7.3757488e-01	7.9000000e+01	-9.3244743e+00	END	END
8.3000000e+01	3.4428760e-01	9.2000000e+01	8.8113733e-02	8.0000000e+01	6.2701511e-01	8.1000000e+01	6.4063114e-01	8.0000000e+01	7.1811777e-01	7.9000000e+01	6.9888449e-01	7.9000000e+01	6.9999284e-01	8.0000000e+01	-9.2332144e+00	END	END
8.4000000e+01	3.1627324e-01	9.3000000e+01	5.7311673e-02	8.1000000e+01	5.9016365e-01	8.2000000e+01	6.0009336e-01	8.1000000e+01	6.7642426e-01	8.0000000e+01	6.6062379e-01	8.0000000e+01	6.6152769e-01	8.1000000e+01	-9.1419544e+00	END	END
8.5000000e+01	2.8783783e-01	9.4000000e+01	2.6417337e-02	8.2000000e+01	5.5259681e-01	8.3000000e+01	5.5881464e-01	8.2000000e+01	6.3390911e-01	8.1000000e+01	6.2154084e-01	8.1000000e+01	6.2222379e-01	8.2000000e+01	-9.0506945e+00	END	END
8.6000000e+01	2.5901437e-01	9.5000000e+01	-4.5315544e-03	8.3000000e+01	5.1435870e-01	8.4000000e+01	5.1684558e-01	8.3000000e+01	5.9062260e-01	8.2000000e+01	5.8168101e-01	8.2000000e+01	5.8212757e-01	8.3000000e+01	-8.9594355e+00	END	END
8.7000000e+01	2.2983651e-01	9.6000000e+01	-3.5496905e-02	8.4000000e+01	4.7549489e-01	8.5000000e+01	4.7423837e-01	8.4000000e+01	5.4661715e-01	8.3000000e+01	5.4109150e-01	8.3000000e+01	5.4128712e-01	8.4000000e+01	-8.8681755e+00	END	END
8.8000000e+01	2.0033868e-01	9.7000000e+01	-6.6440284e-02	8.5000000e+01	4.3605268e-01	8.6000000e+01	4.3104699e-01	8.5000000e+01	5.0194663e-01	8.4000000e+01	4.9982122e-01	8.4000000e+01	4.9975219e-01	8.5000000e+01	-8.7769156e+00	END	END
8.9000000e+01	1.7055595e-01	9.8000000e+01	-9.7322986e-02	8.6000000e+01	3.9608076e-01	8.7000000e+01	3.8732696e-01	8.6000000e+01	4.5666692e-01	8.5000000e+01	4.5792058e-01	8.5000000e+01	4.5757422e-01	8.6000000e+01	-8.6856556e+00	END	END
9.0000000e+01	1.4052401e-01	9.9000000e+01	-1.2810607e-01	8.7000000e+01	3.5562927e-01	8.8000000e+01	3.4313509e-01	8.7000000e+01	4.1083521e-01	8.6000000e+01	4.1544154e-01	8.6000000e+01	4.1480616e-01	8.7000000e+01	-8.5943956e+00	END	END
9.1000000e+01	1.1027914e-01	1.0000000e+02	-1.5875043e-01	8.8000000e+01	3.1474960e-01	8.9000000e+01	2.9852965e-01	8.8000000e+01	3.6451024e-01	8.7000000e+01	3.7243754e-01	8.7000000e+01	3.7150234e-01	8.8000000e+01	-8.5031366e+00	END	END
9.2000000e+01	7.9858139e-02	1.0100000e+02	-1.8921685e-01	8.9000000e+01	2.7349439e-01	9.0000000e+01	2.5357014e-01	8.9000000e+01	3.1775224e-01	8.8000000e+01	3.2896331e-01	8.8000000e+01	3.2771856e-01	8.9000000e+01	-8.4118767e+00	END	END
9.3000000e+01	4.9298331e-02	1.0200000e+02	-2.1946605e-01	9.0000000e+01	2.3191746e-01	9.1000000e+01	2.0831713e-01	9.0000000e+01	2.7062255e-01	8.9000000e+01	2.8507483e-01	8.9000000e+01	2.8351179e-01	9.0000000e+01	-8.3206167e+00	END	END
9.4000000e+01	1.8637475e-02	1.0300000e+02	-2.4945872e-01	9.1000000e+01	1.9007355e-01	9.2000000e+01	1.6283222e-01	9.1000000e+01	2.2318377e-01	9.0000000e+01	2.4082921e-01	9.0000000e+01	2.3894015e-01	9.1000000e+01	-8.2293568e+00	END	END
9.5000000e+01	-1.2086266e-02	1.0400000e+02	-2.7915564e-01	9.2000000e+01	1.4801840e-01	9.3000000e+01	1.1717790e-01	9.2000000e+01	1.7549950e-01	9.1000000e+01	1.9628468e-01	9.1000000e+01	1.9406287e-01	9.2000000e+01	-8.1380968e+00	END	END
9.6000000e+01	-4.2834364e-02	1.0500000e+02	-3.0851766e-01	9.3000000e+01	1.0580856e-01	9.4000000e+01	7.1417511e-02	9.3000000e+01	1.2763433e-01	9.2000000e+01	1.5150039e-01	9.2000000e+01	1.4894013e-01	9.3000000e+01	-8.0468369e+00	END	END
9.7000000e+01	-7.3567994e-02	1.0600000e+02	-3.3750588e-01	9.4000000e+01	6.3501306e-02	9.5000000e+01	2.5614981e-02	9.4000000e+01	7.9653636e-02	9.3000000e+01	1.0653635e-01	9.3000000e+01	1.0363299e-01	9.4000000e+01	-7.9555774e+00	END	END
9.8000000e+01	-1.0424806e-01	1.0700000e+02	-3.6608151e-01	9.5000000e+01	2.1154549e-02	9.6000000e+01	-2.0165170e-02	9.5000000e+01	3.1623483e-02	9.4000000e+01	6.1453313e-02	9.4000000e+01	5.8203213e-02	9.5000000e+01	-7.8643179e+00	END	END
9.9000000e+01	-1.3483529e-01	1.0800000e+02	-3.9420611e-01	9.6000000e+01	-2.1173291e-02	9.7000000e+01	-6.5857999e-02	9.6000000e+01	-1.6389463e-02	9.5000000e+01	1.6312692e-02	9.5000000e+01	1.2713253e-02	9.6000000e+01	-7.7730579e+00	END	END
1.0000000e+02	-1.6529021e-01	1.0900000e+02	-4.2783958e-01	9.7000000e+01	-6.3423380e-02	9.8000000e+01	-1.1139828e-01	9.7000000e+01	-6.4318076e-02	9.6000000e+01	-2.8823560e-02	9.6000000e+01	-3.2773916e-02	9.7000000e+01	-7.6817985e+00	END	END
1.0100000e+02	-1.9557329e-01	1.1000000e+02	-4.5482790e-01	9.8000000e+01	-1.0553660e-01	9.9000000e+01	-1.5672058e-01	9.8000000e+01	-1.1209490e-01	9.7000000e+01	-7.3893063e-02	9.7000000e+01	-7.8194886e-02	9.8000000e+01	-7.5905385e+00	END	END
1.0200000e+02	-2.2564495e-01	1.1100000e+02	-4.8125765e-01	9.9000000e+01	-1.4745362e-01	1.0000000e+02	-2.0175943e-01	9.9000000e+01	-1.5965228e-01	9.8000000e+01	-1.1883313e-01	9.8000000e+01	-1.2348595e-01	9.9000000e+01	-7.4992785e+00	END	END
1.0300000e+02	-2.5546560e-01	1.1200000e+02	-5.0709200e-01	1.0000000e+02	-1.8911506e-01	1.0100000e+02	-2.4644943e-01	1.0000000e+02	-2.0692247e-01	9.9000000e+01	-1.6358085e-01	9.9000000e+01	-1.6858320e-01	1.0000000e+02	-7.4080191e+00	END	END
1.0400000e+02	-2.8499573e-01	1.1300000e+02	-5.3229475e-01	1.0100000e+02	-2.3046155e-01	1.0200000e+02	-2.9072538e-01	1.0100000e+02	-2.5383776e-01	1.0000000e+02	-2.0807323e-01	1.0000000e+02	-2.1342261e-01	1.0100000e+02	-7.3167591e+00	END	END
1.0500000e+02	-3.1419599e-01	1.1400000e+02	-5.5683041e-01	1.0200000e+02	-2.7143389e-01	1.0300000e+02	-3.3452246e-01	1.0200000e+02	-3.0033067e-01	1.0100000e+02	-2.5224730e-01	1.0100000e+02	-2.5794026e-01	1.0200000e+02	-7.2254992e+00	END	END
1.0600000e+02	-3.4302711e-01	1.1500000e+02	-5.8066410e-01	1.0300000e+02	-3.1197315e-01	1.0400000e+02	-3.7777621e-01	1.0300000e+02	-3.4633395e-01	1.0200000e+02	-2.9604027e-01	1.0200000e+02	-3.0207235e-01	1.0300000e+02	-7.1342397e+00	END	END
1.0700000e+02	-3.7145019e-01	1.1600000e+02	-6.0376179e-01	1.0400000e+02	-3.5202074e-01	1.0500000e+02	-4.2042288e-01	1.0400000e+02	-3.9178085e-01	1.0300000e+02	-3.3938950e-01	1.0300000e+02	-3.4575534e-01	1.0400000e+02	-7.0429797e+00	END	END
1.0800000e+02	-3.9942655e-01	1.1700000e+02	-6.2609029e-01	1.0500000e+02	-3.9151859e-01	1.0600000e+02	-4.6239933e-01	1.0500000e+02	-4.3660522e-01	1.0400000e+02	-3.8223284e-01	1.0400000e+02	-3.8892609e-01	1.0500000e+02	-6.9517202e+00	END	END
1.0900000e+02	-4.2691785e-01	1.1800000e+02	-6.4761728e-01	1.0600000e+02	-4.3040925e-01	1.0700000e+02	-5.0364333e-01	1.0600000e+02	-4.8074150e-01	1.0500000e+02	-4.2450860e-01	1.0500000e+02	-4.3152201e-01	1.0600000e+02	-6.8604603e+00	END	END
1.1000000e+02	-4.5487869e-01	1.1900000e+02	-6.6831136e-01	1.0700000e+02	-4.6863598e-01	1.0800000e+02	-5.4409361e-01	1.0700000e+02	-5.2412510e-01	1.0600000e+02	-4.6615568e-01	1.0600000e+02	-4.7348112e-01	1.0700000e+02	-6.7692003e+00	END	END
1.1100000e+02	-4.8129815e-01	1.2000000e+02	-6.8814224e-01	1.0800000e+02	-5.0614285e-01	1.0900000e+02	-6.0975069e-01	1.0800000e+02	-5.6669223e-01	1.0700000e+02	-5.0711375e-01	1.0700000e+02	-5.1474214e-01	1.0800000e+02	-6.6779408e+00	END	END
1.1200000e+02	-5.0712186e-01	1.2100000e+02	-7.0708066e-01	1.0900000e+02	-5.6667900e-01	1.1000000e+02	-6.4788675e-01	1.0900000e+02	-6.3495135e-01	1.0800000e+02	-5.4732323e-01	1.0800000e+02	-5.5524480e-01	1.0900000e+02	-6.5866809e+00	END	END
1.1300000e+02	-5.3231370e-01	1.2200000e+02	-7.2509837e-01	1.1000000e+02	-6.0207206e-01	1.1100000e+02	-6.8506867e-01	1.1000000e+02	-6.7514390e-01	1.0900000e+02	-5.8672565e-01	1.0900000e+02	-5.9492975e-01	1.1000000e+02	-6.4954209e+00	END	END
1.1400000e+02	-5.5683804e-01	1.2300000e+02	-7.4216849e-01	1.1100000e+02	-6.3659942e-01	1.1200000e+02	-7.2123986e-01	1.1100000e+02	-7.1435219e-01	1.1000000e+02	-6.2526357e-01	1.1000000e+02	-6.3373870e-01	1.1100000e+02	-6.4041615e+00	END	END
1.1500000e+02	-5.8066010e-01	1.2400000e+02	-7.5826520e-01	1.1200000e+02	-6.7020923e-01	1.1300000e+02	-7.5634545e-01	1.1200000e+02	-7.5251734e-01	1.1100000e+02	-6.7750686e-01	1.1100000e+02	-6.7161465e-01	1.1200000e+02	-6.3129015e+00	END	END
1.1600000e+02	-6.0374582e-01	1.2500000e+02	-7.7336407e-01	1.1300000e+02	-7.0285100e-01	1.1400000e+02	-7.9033208e-01	1.1300000e+02	-7.8958201e-01	1.1200000e+02	-7.1385217e-01	1.1200000e+02	-7.0850199e-01	1.1300000e+02	-6.2216420e+00	END	END
1.1700000e+02	-6.2606204e-01	1.2600000e+02	-7.8744191e-01	1.1400000e+02	-7.3447573e-01	1.1500000e+02	-8.2314849e-01	1.1400000e+02	-8.2549053e-01	1.1300000e+02	-7.4917871e-01	1.1300000e+02	-7.4434650e-01	1.1400000e+02	-6.1303821e+00	END	END
1.1800000e+02	-6.4757633e-01	1.2700000e+02	-8.0047703e-01	1.1500000e+02	-7.6503605e-01	1.1600000e+02	-8.5474527e-01	1.1500000e+02	-8.6018920e-01	1.1400000e+02	-7.8343427e-01	1.1400000e+02	-7.7909553e-01	1.1500000e+02	-6.0391221e+00	END	END
1.1900000e+02	-6.6825742e-01	1.2800000e+02	-8.1244904e-01	1.1600000e+02	-7.9448634e-01	1.1700000e+02	-8.8507509e-01	1.1600000e+02	-8.9362633e-01	1.1500000e+02	-8.1656837e-01	1.1500000e+02	-8.2438356e-01	1.1600000e+02	-5.9478626e+00	END	END
1.2000000e+02	-6.8807495e-01	1.2900000e+02	-8.2333916e-01	1.1700000e+02	-8.2278270e-01	1.1800000e+02	-9.1409284e-01	1.1700000e+02	-9.2575228e-01	1.1600000e+02	-8.4853220e-01	1.1600000e+02	-8.5659099e-01	1.1700000e+02	-5.8566027e+00	END	END
1.2100000e+02	-7.0699960e-01	1.3000000e+02	-8.3313006e-01	1.1800000e+02	-8.4988326e-01	1.1900000e+02	-9.4175547e-01	1.1800000e+02	-9.5651960e-01	1.1700000e+02	-8.7927890e-01	1.1700000e+02	-8.8756454e-01	1.1800000e+02	-5.7653427e+00	END	END
1.2200000e+02	-7.2500330e-01	1.3100000e+02	-8.4180599e-01	1.1900000e+02	-8.7574810e-01	1.2000000e+02	-9.6802264e-01	1.1900000e+02	-9.8588324e-01	1.1800000e+02	-9.0876353e-01	1.1800000e+02	-9.1725886e-01	1.1900000e+02	-5.6740832e+00	END	END
1.2300000e+02	-7.4205899e-01	1.3200000e+02	-8.4935290e-01	1.2000000e+02	-9.0033931e-01	1.2100000e+02	-9.9285620e-01	1.2000000e+02	-1.0138004e+00	1.1900000e+02	-9.3694323e-01	1.1900000e+02	-9.4563079e-01	1.2000000e+02	-5.5828233e+00	END	END
1.2400000e+02	-7.5814098e-01	1.3300000e+02	-8.5575819e-01	1.2100000e+02	-9.2362118e-01	1.2200000e+02	-1.0162207e+00	1.2100000e+02	-1.0402311e+00	1.2000000e+02	-9.6377736e-01	1.2000000e+02	-9.7263932e-01	1.2100000e+02	-5.4915638e+00	END	END
1.2500000e+02	-7.7322477e-01	1.3400000e+02	-8.6101121e-01	1.2200000e+02	-9.4556034e-01	1.2300000e+02	-1.0380831e+00	1.2200000e+02	-1.0651376e+00	1.2100000e+02	-9.8922759e-01	1.2100000e+02	-9.9824572e-01	1.2200000e+02	-5.4003038e+00	END	END
1.2600000e+02	-7.8728729e-01	1.3500000e+02	-8.6510301e-01	1.2300000e+02	-9.6612555e-01	1.2400000e+02	-1.0584134e+00	1.2300000e+02	-1.0884851e+00	1.2200000e+02	-1.0132577e+00	1.2200000e+02	-1.0224137e+00	1.2300000e+02	-5.3090439e+00	END	END
1.2700000e+02	-8.0030668e-01	1.3600000e+02	-8.6802632e-01	1.2400000e+02	-9.8528814e-01	1.2500000e+02	-1.0771840e+00	1.2400000e+02	-1.1102415e+00	1.2300000e+02	-1.0358342e+00	1.2300000e+02	-1.0451096e+00	1.2400000e+02	-5.2177844e+00	END	END
1.2800000e+02	-8.1226277e-01	1.3700000e+02	-8.6977577e-01	1.2500000e+02	-1.0030217e+00	1.2600000e+02	-1.0943705e+00	1.2500000e+02	-1.1303777e+00	1.2400000e+02	-1.0569259e+00	1.2400000e+02	-1.0663021e+00	1.2500000e+02	-5.1265244e+00	END	END
1.2900000e+02	-8.2313657e-01	1.3800000e+02	-8.7034798e-01	1.2600000e+02	-1.0193025e+00	1.2700000e+02	-1.1099510e+00	1.2600000e+02	-1.1488672e+00	1.2500000e+02	-1.0765043e+00	1.2500000e+02	-1.0859624e+00	1.2600000e+02	-5.0352645e+00	END	END
1.3000000e+02	-8.3291090e-01	1.3900000e+02	-8.6974144e-01	1.2700000e+02	-1.0341092e+00	1.2800000e+02	-1.1239071e+00	1.2700000e+02	-1.1656870e+00	1.2600000e+02	-1.0945436e+00	1.2600000e+02	-1.1040648e+00	1.2700000e+02	-4.9440050e+00	END	END
1.3100000e+02	-8.4156996e-01	1.4000000e+02	-8.6795658e-01	1.2800000e+02	-1.0474234e+00	1.2900000e+02	-1.1362230e+00	1.2800000e+02	-1.1808165e+00	1.2700000e+02	-1.1110204e+00	1.2700000e+02	-1.1205862e+00	1.2800000e+02	-4.8527451e+00	END	END
1.3200000e+02	-8.4909970e-01	1.4100000e+02	-8.6499608e-01	1.2900000e+02	-1.0592288e+00	1.3000000e+02	-1.1468859e+00	1.2900000e+02	-1.1942390e+00	1.2800000e+02	-1.1259146e+00	1.2800000e+02	-1.1355059e+00	1.2900000e+02	-4.7614856e+00	END	END
1.3300000e+02	-8.5548759e-01	1.4200000e+02	-8.6086446e-01	1.3000000e+02	-1.0695125e+00	1.3100000e+02	-1.1558863e+00	1.3000000e+02	-1.2059405e+00	1.2900000e+02	-1.1392084e+00	1.2900000e+02	-1.1488069e+00	1.3000000e+02	-4.6702256e+00	END	END
1.3400000e+02	-8.6072290e-01	1.4300000e+02	-8.5556877e-01	1.3100000e+02	-1.0782638e+00	1.3200000e+02	-1.1632178e+00	1.3100000e+02	-1.2159102e+00	1.3000000e+02	-1.1508874e+00	1.3000000e+02	-1.1604745e+00	1.3100000e+02	-4.5789657e+00	END	END
1.3500000e+02	-8.6479664e-01	1.4400000e+02	-8.4911811e-01	1.3200000e+02	-1.0854751e+00	1.3300000e+02	-1.1688771e+00	1.3200000e+02	-1.2241408e+00	1.3100000e+02	-1.1609396e+00	1.3100000e+02	-1.1704973e+00	1.3200000e+02	-4.4877062e+00	END	END
1.3600000e+02	-8.6770165e-01	1.4500000e+02	-8.4152424e-01	1.3300000e+02	-1.0911413e+00	1.3400000e+02	-1.1728642e+00	1.3300000e+02	-1.2306281e+00	1.3200000e+02	-1.1693565e+00	1.3200000e+02	-1.1788665e+00	1.3300000e+02	-4.3964462e+00	END	END
1.3700000e+02	-8.6943251e-01	1.4600000e+02	-8.3280128e-01	1.3400000e+02	-1.0952606e+00	1.3500000e+02	-1.1751821e+00	1.3400000e+02	-1.2353714e+00	1.3300000e+02	-1.1761322e+00	1.3300000e+02	-1.1855770e+00	1.3400000e+02	-4.3051867e+00	END	END
1.3800000e+02	-8.6998576e-01	1.4700000e+02	-8.2296634e-01	1.3500000e+02	-1.0978336e+00	1.3600000e+02	-1.1758372e+00	1.3500000e+02	-1.2383733e+00	1.3400000e+02	-1.1812642e+00	1.3400000e+02	-1.1906261e+00	1.3500000e+02	-4.2139268e+00	END	END
1.3900000e+02	-8.6935985e-01	1.4800000e+02	-8.1203920e-01	1.3600000e+02	-1.0988641e+00	1.3700000e+02	-1.1748390e+00	1.3600000e+02	-1.2396398e+00	1.3500000e+02	-1.1847527e+00	1.3500000e+02	-1.1940148e+00	1.3600000e+02	-4.1226668e+00	END	END
1.4000000e+02	-8.6755520e-01	1.4900000e+02	-8.0004323e-01	1.3700000e+02	-1.0983585e+00	1.3800000e+02	-1.1722003e+00	1.3700000e+02	-1.2391801e+00	1.3600000e+02	-1.1866013e+00	1.3600000e+02	-1.1957468e+00	1.3700000e+02	-4.0314074e+00	END	END
1.4100000e+02	-8.6457425e-01	1.5000000e+02	-7.8700519e-01	1.3800000e+02	-1.0963265e+00	1.3900000e+02	-1.1679373e+00	1.3800000e+02	-1.2370074e+00	1.3700000e+02	-1.1868166e+00	1.3700000e+02	-1.1958290e+00	1.3800000e+02	-3.9401474e+00	END	END
1.4200000e+02	-8.6042166e-01	1.5100000e+02	-7.7295607e-01	1.3900000e+02	-1.0927802e+00	1.4000000e+02	-1.1620691e+00	1.3900000e+02	-1.2331376e+00	1.3800000e+02	-1.1854084e+00	1.3800000e+02	-1.1942717e+00	1.3900000e+02	-3.8488877e+00	END	END
1.4300000e+02	-8.5510409e-01	1.5200000e+02	-7.5793171e-01	1.4000000e+02	-1.0877354e+00	1.4100000e+02	-1.1546185e+00	1.4000000e+02	-1.2275906e+00	1.3900000e+02	-1.1823895e+00	1.3900000e+02	-1.1910881e+00	1.4000000e+02	-3.7576280e+00	END	END
1.4400000e+02	-8.4863067e-01	1.5300000e+02	-7.4197352e-01	1.4100000e+02	-1.0812103e+00	1.4200000e+02	-1.1456112e+00	1.4100000e+02	-1.2203896e+00	1.4000000e+02	-1.1777761e+00	1.4000000e+02	-1.1862947e+00	1.4100000e+02	-3.6663680e+00	END	END
1.4500000e+02	-8.4101272e-01	1.5400000e+02	-7.2512960e-01	1.4200000e+02	-1.0732261e+00	1.4300000e+02	-1.1350765e+00	1.4200000e+02	-1.2115613e+00	1.4100000e+02	-1.1715876e+00	1.4100000e+02	-1.1799109e+00	1.4200000e+02	-3.5751083e+00	END	END
1.4600000e+02	-8.3226418e-01	1.5500000e+02	-7.0745665e-01	1.4300000e+02	-1.0638072e+00	1.4400000e+02	-1.1230472e+00	1.4300000e+02	-1.2011361e+00	1.4200000e+02	-1.1638464e+00	1.4200000e+02	-1.1719595e+00	1.4300000e+02	-3.4838486e+00	END	END
1.4700000e+02	-8.2240158e-01	1.5600000e+02	-6.8902159e-01	1.4400000e+02	-1.0529814e+00	1.4500000e+02	-1.1095592e+00	1.4400000e+02	-1.1891477e+00	1.4300000e+02	-1.1545782e+00	1.4300000e+02	-1.1624666e+00	1.4400000e+02	-3.3925889e+00	END	END
1.4800000e+02	-8.1144428e-01	1.5700000e+02	-6.6990507e-01	1.4500000e+02	-1.0407791e+00	1.4600000e+02	-1.0946521e+00	1.4500000e+02	-1.1756337e+00	1.4400000e+02	-1.1438122e+00	1.4400000e+02	-1.1514611e+00	1.4500000e+02	-3.3013289e+00	END	END
1.4900000e+02	-7.9941487e-01	1.5800000e+02	-6.5020531e-01	1.4600000e+02	-1.0272343e+00	1.4700000e+02	-1.0783690e+00	1.4600000e+02	-1.1606354e+00	1.4500000e+02	-1.1315807e+00	1.4500000e+02	-1.1389753e+00	1.4600000e+02	-3.2100692e+00	END	END
1.5000000e+02	-7.8633916e-01	1.5900000e+02	-6.3004428e-01	1.4700000e+02	-1.0123843e+00	1.4800000e+02	-1.0607572e+00	1.4700000e+02	-1.1441978e+00	1.4600000e+02	-1.1179197e+00	1.4600000e+02	-1.1250443e+00	1.4700000e+02	-3.1188095e+00	END	END
1.5100000e+02	-7.7224690e-01	1.6000000e+02	-6.0957599e-01	1.4800000e+02	-9.9627006e-01	1.4900000e+02	-1.0418677e+00	1.4800000e+02	-1.1263703e+00	1.4700000e+02	-1.1028683e+00	1.4700000e+02	-1.1097071e+00	1.4800000e+02	-3.0275497e+00	END	END
1.5200000e+02	-7.5717217e-01	1.6100000e+02	-5.8899951e-01	1.4900000e+02	-9.7893631e-01	1.5000000e+02	-1.0217562e+00	1.4900000e+02	-1.1072065e+00	1.4800000e+02	-1.0864697e+00	1.4800000e+02	-1.0930053e+00	1.4900000e+02	-2.9362898e+00	END	END
1.5300000e+02	-7.4115413e-01	1.6200000e+02	-5.6857711e-01	1.5000000e+02	-9.6043211e-01	1.5100000e+02	-1.0004832e+00	1.5000000e+02	-1.0867645e+00	1.4900000e+02	-1.0687703e+00	1.4900000e+02	-1.0749838e+00	1.5000000e+02	-2.8450301e+00	END	END
1.5400000e+02	-7.2423798e-01	1.6300000e+02	-5.4866236e-01	1.5100000e+02	-9.4081092e-01	1.5200000e+02	-9.7811472e-01	1.5100000e+02	-1.0651077e+00	1.5000000e+02	-1.0498210e+00	1.5000000e+02	-1.0556914e+00	1.5100000e+02	-2.7537704e+00	END	END
1.5500000e+02	-7.0647609e-01	1.6400000e+02	-5.2974272e-01	1.5200000e+02	-9.2013180e-01	1.5300000e+02	-9.5472336e-01	1.5200000e+02	-1.0423052e+00	1.5100000e+02	-1.0296772e+00	1.5100000e+02	-1.0351795e+00	1.5200000e+02	-2.6625106e+00	END	END
1.5600000e+02	-6.8792975e-01	1.6500000e+02	-5.1250410e-01	1.5300000e+02	-8.9845973e-01	1.5400000e+02	-9.3038940e-01	1.5300000e+02	-1.0184330e+00	1.5200000e+02	-1.0083983e+00	1.5200000e+02	-1.0135036e+00	1.5300000e+02	-2.5712507e+00	END	END
1.5700000e+02	-6.6867155e-01	1.6600000e+02	-4.9793136e-01	1.5400000e+02	-8.7586731e-01	1.5500000e+02	-9.0520245e-01	1.5400000e+02	-9.9357450e-01	1.5300000e+02	-9.8605001e-01	1.5300000e+02	-9.9072301e-01	1.5400000e+02	-2.4799910e+00	END	END
1.5800000e+02	-6.4878833e-01	1.6700000e+02	-4.8745894e-01	1.5500000e+02	-8.5243601e-01	1.5600000e+02	-8.7926412e-01	1.5500000e+02	-9.6782303e-01	1.5400000e+02	-9.6270347e-01	1.5400000e+02	-9.6690077e-01	1.5500000e+02	-2.3887312e+00	END	END
1.5900000e+02	-6.2838572e-01	1.6800000e+02	-4.8318860e-01	1.5600000e+02	-8.2825881e-01	1.5700000e+02	-8.5269117e-01	1.5600000e+02	-9.4128346e-01	1.5500000e+02	-9.3843728e-01	1.5500000e+02	-9.4210434e-01	1.5600000e+02	-2.2974715e+00	END	END
1.6000000e+02	-6.0759389e-01	1.6900000e+02	-4.8815781e-01	1.5700000e+02	-8.0344319e-01	1.5800000e+02	-8.2562053e-01	1.5700000e+02	-9.1407579e-01	1.5600000e+02	-9.1333842e-01	1.5600000e+02	-9.1640610e-01	1.5700000e+02	-2.2062116e+00	END	END
1.6100000e+02	-5.8657616e-01	1.7000000e+02	-5.0650746e-01	1.5800000e+02	-7.7811593e-01	1.5900000e+02	-7.9821587e-01	1.5800000e+02	-8.8633919e-01	1.5700000e+02	-8.8750446e-01	1.5700000e+02	-8.8988364e-01	1.5800000e+02	-2.1149518e+00	END	END
1.6200000e+02	-5.6554049e-01	1.7100000e+02	-5.4294008e-01	1.5900000e+02	-7.5242960e-01	1.6000000e+02	-7.7067798e-01	1.5900000e+02	-8.5823864e-01	1.5800000e+02	-8.6104578e-01	1.5800000e+02	-8.6262059e-01	1.5900000e+02	-2.0236921e+00	END	END
1.6300000e+02	-5.4475600e-01	1.7200000e+02	-5.9973168e-01	1.6000000e+02	-7.2657192e-01	1.6100000e+02	-7.4325901e-01	1.6000000e+02	-8.2997316e-01	1.5900000e+02	-8.3408922e-01	1.5900000e+02	-8.3470774e-01	1.6000000e+02	-1.9324323e+00	END	END
1.6400000e+02	-5.2457494e-01	1.7300000e+02	-6.6844308e-01	1.6100000e+02	-7.0077974e-01	1.6200000e+02	-7.1628410e-01	1.6100000e+02	-8.0178863e-01	1.6000000e+02	-8.0678272e-01	1.6000000e+02	-8.0624408e-01	1.6100000e+02	-1.8411726e+00	END	END
1.6500000e+02	-5.0546247e-01	1.7400000e+02	-7.1887052e-01	1.6200000e+02	-6.7535955e-01	1.6300000e+02	-6.9018370e-01	1.6200000e+02	-7.7399492e-01	1.6100000e+02	-7.7930176e-01	1.6100000e+02	-7.7733839e-01	1.6200000e+02	-1.7499127e+00	END	END
1.6600000e+02	-4.8803222e-01	1.7500000e+02	-7.0737606e-01	1.6300000e+02	-6.5071785e-01	1.6400000e+02	-6.6554165e-01	1.6300000e+02	-7.4699074e-01	1.6200000e+02	-7.5185812e-01	1.6200000e+02	-7.4811101e-01	1.6300000e+02	-1.6586530e+00	END	END
1.6700000e+02	-4.7307986e-01	1.7600000e+02	-6.1782211e-01	1.6400000e+02	-6.2740695e-01	1.6500000e+02	-6.4316732e-01	1.6400000e+02	-7.2129738e-01	1.6300000e+02	-7.2471130e-01	1.6300000e+02	-7.1869648e-01	1.6400000e+02	-1.5673932e+00	END	END
1.6800000e+02	-4.6158817e-01	1.7700000e+02	-4.7719896e-01	1.6500000e+02	-6.0619372e-01	1.6600000e+02	-6.2420142e-01	1.6500000e+02	-6.9760358e-01	1.6400000e+02	-6.9818425e-01	1.6400000e+02	-6.8924564e-01	1.6500000e+02	-1.4761335e+00	END	END
1.6900000e+02	-4.5462778e-01	1.7800000e+02	-3.1915578e-01	1.6600000e+02	-5.8816117e-01	1.6700000e+02	-6.1026257e-01	1.6600000e+02	-6.7681783e-01	1.6500000e+02	-6.7268258e-01	1.6500000e+02	-6.5992904e-01	1.6600000e+02	-1.3848736e+00	END	END
1.7000000e+02	-4.5298475e-01	1.7900000e+02	-1.5883285e-01	1.6700000e+02	-5.7485104e-01	1.6800000e+02	-6.0362059e-01	1.6700000e+02	-6.6011202e-01	1.6600000e+02	-6.4871711e-01	1.6600000e+02	-6.3093895e-01	1.6700000e+02	-1.2936139e+00	END	END
1.7100000e+02	-4.5622367e-01	1.8000000e+02	1.5140437e-03	1.6800000e+02	-5.6843972e-01	1.6900000e+02	-6.0729736e-01	1.6800000e+02	-6.4890105e-01	1.6700000e+02	-6.2692291e-01	1.6700000e+02	-6.0249072e-01	1.6800000e+02	-1.2023541e+00	END	END
1.7200000e+02	-4.6099818e-01	END	END	1.6900000e+02	-5.7186794e-01	1.7000000e+02	-6.2474132e-01	1.6900000e+02	-6.4461464e-01	1.6800000e+02	-6.0806018e-01	1.6800000e+02	-5.7481927e-01	1.6900000e+02	-1.1110944e+00	END	END
1.7300000e+02	-4.5946607e-01	END	END	1.7000000e+02	-5.8861786e-01	1.7100000e+02	-6.5811867e-01	1.7000000e+02	-6.4795709e-01	1.6900000e+02	-5.9295434e-01	1.6900000e+02	-5.4816717e-01	1.7000000e+02	-1.0198346e+00	END	END
1.7400000e+02	-4.4076633e-01	END	END	1.7100000e+02	-6.2126905e-01	1.7200000e+02	-7.0358980e-01	1.7100000e+02	-6.5723741e-01	1.7000000e+02	-5.8228618e-01	1.7000000e+02	-5.2275318e-01	1.7100000e+02	-9.2857480e-01	END	END
1.7500000e+02	-3.9758506e-01	END	END	1.7200000e+02	-6.6718304e-01	1.7300000e+02	-7.4397159e-01	1.7200000e+02	-6.6591012e-01	1.7100000e+02	-5.7607234e-01	1.7100000e+02	-4.9870446e-01	1.7200000e+02	-8.3731502e-01	END	END
1.7600000e+02	-3.3201557e-01	END	END	1.7300000e+02	-7.1100122e-01	1.7400000e+02	-7.4894834e-01	1.7300000e+02	-6.6172361e-01	1.7200000e+02	-5.7265764e-01	1.7200000e+02	-4.7592372e-01	1.7300000e+02	-7.4605525e-01	END	END
1.7700000e+02	-2.5286683e-01	END	END	1.7400000e+02	-7.2271085e-01	1.7500000e+02	-6.9651461e-01	1.7400000e+02	-6.3184357e-01	1.7300000e+02	-5.6736898e-01	1.7300000e+02	-4.5385385e-01	1.7400000e+02	-6.5479547e-01	END	END
1.7800000e+02	-1.6841452e-01	END	END	1.7500000e+02	-6.7704880e-01	1.7600000e+02	-5.9447747e-01	1.7500000e+02	-5.7232565e-01	1.7400000e+02	-5.5204988e-01	1.7400000e+02	-4.3112209e-01	1.7500000e+02	-5.6353569e-01	END	END
1.7900000e+02	-8.2865678e-02	END	END	1.7600000e+02	-5.7838756e-01	1.7700000e+02	-4.6781790e-01	1.7600000e+02	-4.9066955e-01	1.7500000e+02	-5.1771808e-01	1.7500000e+02	-4.0514114e-01	1.7600000e+02	-4.7227591e-01	END	END
1.8000000e+02	2.7392288e-03	END	END	1.7700000e+02	-4.5185289e-01	1.7800000e+02	-3.3473855e-01	1.7700000e+02	-3.9815471e-01	1.7600000e+02	-4.6020898e-01	1.7600000e+02	-3.7198845e-01	1.7700000e+02	-3.8101614e-01	END	END
END	END	END	END	1.7800000e+02	-3.1751132e-01	1.7900000e+02	-2.0115827e-01	1.7800000e+02	-3.0244675e-01	1.7700000e+02	-3.8326132e-01	1.7700000e+02	-3.2715282e-01	1.7800000e+02	-2.8975636e-01	END	END
END	END	END	END	1.7900000e+02	-1.8245210e-01	1.8000000e+02	-6.7577757e-02	1.7900000e+02	-2.0637229e-01	1.7800000e+02	-2.9503235e-01	1.7800000e+02	-2.6746103e-01	1.7900000e+02	-1.9849660e-01	END	END
END	END	END	END	1.8000000e+02	-4.7391534e-02	END	END	1.8000000e+02	-1.1029541e-01	1.7900000e+02	-2.0248391e-01	1.7900000e+02	-1.9315834e-01	1.8000000e+02	-1.0723682e-01	END	END
END	END	END	END	END	END	END	END	END	END	1.8000000e+02	-1.0905049e-01	1.8000000e+02	-1.0807604e-01	END	END	END	END
