# Export File Created with QBlade CE v2.0.8.6_beta windows on 17.04.2025 at 16:21:03
CLARK_Y_AIRFOIL_Re0.020_M0.00_N9.0 360 M	CLARK_Y_AIRFOIL_Re0.045_M0.00_N9.0 360 M	CLARK_Y_AIRFOIL_Re0.075_M0.00_N9.0 360 M	CLARK_Y_AIRFOIL_Re0.100_M0.00_N9.0 360 M	CLARK_Y_AIRFOIL_Re0.250_M0.00_N9.0 360 M	CLARK_Y_AIRFOIL_Re0.500_M0.00_N9.0 360 M	CLARK_Y_AIRFOIL_Re0.750_M0.00_N9.0 360 M	CLARK_Y_AIRFOIL_Re1.000_M0.00_N9.0 360 M	CLARK_Y_AIRFOIL_Re1.000_M0.00_N9.0
Angle of Attack [deg]	Drag Coefficient Cd [-]	Angle of Attack [deg]	Drag Coefficient Cd [-]	Angle of Attack [deg]	Drag Coefficient Cd [-]	Angle of Attack [deg]	Drag Coefficient Cd [-]	Angle of Attack [deg]	Drag Coefficient Cd [-]	Angle of Attack [deg]	Drag Coefficient Cd [-]	Angle of Attack [deg]	Drag Coefficient Cd [-]	Angle of Attack [deg]	Drag Coefficient Cd [-]	Angle of Attack [deg]	Drag Coefficient Cd [-]
-1.8000000e+02	6.0000266e-03	-1.8000000e+02	6.0000126e-03	-1.8000000e+02	6.0000150e-03	-1.8000000e+02	6.0000150e-03	-1.8000000e+02	6.0000215e-03	-1.8000000e+02	6.0000219e-03	-1.8000000e+02	6.0000224e-03	-1.8000000e+02	6.0000229e-03	-4.0000000e+00	8.8499999e-03
-1.7900000e+02	6.5219849e-03	-1.7900000e+02	6.5219710e-03	-1.7900000e+02	6.5219733e-03	-1.7900000e+02	6.5219733e-03	-1.7900000e+02	6.5219798e-03	-1.7900000e+02	6.5219803e-03	-1.7900000e+02	6.5219807e-03	-1.7900000e+02	6.5219812e-03	-3.5000000e+00	8.5199997e-03
-1.7800000e+02	8.0861580e-03	-1.7800000e+02	8.0861449e-03	-1.7800000e+02	8.0861468e-03	-1.7800000e+02	8.0861468e-03	-1.7800000e+02	8.0861533e-03	-1.7800000e+02	8.0861533e-03	-1.7800000e+02	8.0861542e-03	-1.7800000e+02	8.0861542e-03	-3.0000000e+00	8.2799997e-03
-1.7700000e+02	1.0689044e-02	-1.7700000e+02	1.0689033e-02	-1.7700000e+02	1.0689035e-02	-1.7700000e+02	1.0689035e-02	-1.7700000e+02	1.0689041e-02	-1.7700000e+02	1.0689041e-02	-1.7700000e+02	1.0689042e-02	-1.7700000e+02	1.0689042e-02	-2.5000000e+00	8.0899997e-03
-1.7600000e+02	1.4325885e-02	-1.7600000e+02	1.4325876e-02	-1.7600000e+02	1.4325877e-02	-1.7600000e+02	1.4325877e-02	-1.7600000e+02	1.4325881e-02	-1.7600000e+02	1.4325881e-02	-1.7600000e+02	1.4325882e-02	-1.7600000e+02	1.4325882e-02	-2.0000000e+00	7.8800004e-03
-1.7500000e+02	1.8990668e-02	-1.7500000e+02	1.8990660e-02	-1.7500000e+02	1.8990662e-02	-1.7500000e+02	1.8990662e-02	-1.7500000e+02	1.8990664e-02	-1.7500000e+02	1.8990664e-02	-1.7500000e+02	1.8990666e-02	-1.7500000e+02	1.8990666e-02	-1.5000000e+00	7.7000000e-03
-1.7400000e+02	2.4676139e-02	-1.7400000e+02	2.4676135e-02	-1.7400000e+02	2.4676135e-02	-1.7400000e+02	2.4676135e-02	-1.7400000e+02	2.4676137e-02	-1.7400000e+02	2.4676137e-02	-1.7400000e+02	2.4676137e-02	-1.7400000e+02	2.4676137e-02	-1.0000000e+00	7.2699999e-03
-1.7300000e+02	3.1373817e-02	-1.7300000e+02	3.1373817e-02	-1.7300000e+02	3.1373817e-02	-1.7300000e+02	3.1373817e-02	-1.7300000e+02	3.1373817e-02	-1.7300000e+02	3.1373817e-02	-1.7300000e+02	3.1373817e-02	-1.7300000e+02	3.1373817e-02	-5.0000000e-01	6.8799998e-03
-1.7200000e+02	3.9074007e-02	-1.7200000e+02	3.9074015e-02	-1.7200000e+02	3.9074011e-02	-1.7200000e+02	3.9074011e-02	-1.7200000e+02	3.9074007e-02	-1.7200000e+02	3.9074007e-02	-1.7200000e+02	3.9074007e-02	-1.7200000e+02	3.9074007e-02	0.0000000e+00	6.6300002e-03
-1.7100000e+02	4.7765806e-02	-1.7100000e+02	4.7765821e-02	-1.7100000e+02	4.7765817e-02	-1.7100000e+02	4.7765817e-02	-1.7100000e+02	4.7765814e-02	-1.7100000e+02	4.7765810e-02	-1.7100000e+02	4.7765810e-02	-1.7100000e+02	4.7765810e-02	5.0000000e-01	6.1100000e-03
-1.7000000e+02	5.7437137e-02	-1.7000000e+02	5.7437159e-02	-1.7000000e+02	5.7437155e-02	-1.7000000e+02	5.7437155e-02	-1.7000000e+02	5.7437144e-02	-1.7000000e+02	5.7437144e-02	-1.7000000e+02	5.7437140e-02	-1.7000000e+02	5.7437140e-02	1.0000000e+00	5.5200001e-03
-1.6900000e+02	6.8074740e-02	-1.6900000e+02	6.8074770e-02	-1.6900000e+02	6.8074763e-02	-1.6900000e+02	6.8074763e-02	-1.6900000e+02	6.8074748e-02	-1.6900000e+02	6.8074748e-02	-1.6900000e+02	6.8074748e-02	-1.6900000e+02	6.8074748e-02	1.5000000e+00	5.5600000e-03
-1.6800000e+02	7.9664215e-02	-1.6800000e+02	7.9664260e-02	-1.6800000e+02	7.9664253e-02	-1.6800000e+02	7.9664253e-02	-1.6800000e+02	7.9664230e-02	-1.6800000e+02	7.9664230e-02	-1.6800000e+02	7.9664230e-02	-1.6800000e+02	7.9664223e-02	2.0000000e+00	5.8400002e-03
-1.6700000e+02	9.2190035e-02	-1.6700000e+02	9.2190087e-02	-1.6700000e+02	9.2190079e-02	-1.6700000e+02	9.2190079e-02	-1.6700000e+02	9.2190057e-02	-1.6700000e+02	9.2190050e-02	-1.6700000e+02	9.2190050e-02	-1.6700000e+02	9.2190050e-02	2.5000000e+00	6.1100000e-03
-1.6600000e+02	1.0563556e-01	-1.6600000e+02	1.0563563e-01	-1.6600000e+02	1.0563561e-01	-1.6600000e+02	1.0563561e-01	-1.6600000e+02	1.0563558e-01	-1.6600000e+02	1.0563558e-01	-1.6600000e+02	1.0563558e-01	-1.6600000e+02	1.0563558e-01	3.0000000e+00	6.4699999e-03
-1.6500000e+02	1.1998306e-01	-1.6500000e+02	1.1998314e-01	-1.6500000e+02	1.1998313e-01	-1.6500000e+02	1.1998313e-01	-1.6500000e+02	1.1998309e-01	-1.6500000e+02	1.1998308e-01	-1.6500000e+02	1.1998308e-01	-1.6500000e+02	1.1998308e-01	3.5000000e+00	7.0900000e-03
-1.6400000e+02	1.3521376e-01	-1.6400000e+02	1.3521385e-01	-1.6400000e+02	1.3521384e-01	-1.6400000e+02	1.3521384e-01	-1.6400000e+02	1.3521379e-01	-1.6400000e+02	1.3521379e-01	-1.6400000e+02	1.3521379e-01	-1.6400000e+02	1.3521379e-01	4.0000000e+00	7.5800000e-03
-1.6300000e+02	1.5130784e-01	-1.6300000e+02	1.5130794e-01	-1.6300000e+02	1.5130793e-01	-1.6300000e+02	1.5130793e-01	-1.6300000e+02	1.5130787e-01	-1.6300000e+02	1.5130787e-01	-1.6300000e+02	1.5130787e-01	-1.6300000e+02	1.5130787e-01	4.5000000e+00	7.9800002e-03
-1.6200000e+02	1.6824445e-01	-1.6200000e+02	1.6824457e-01	-1.6200000e+02	1.6824456e-01	-1.6200000e+02	1.6824456e-01	-1.6200000e+02	1.6824450e-01	-1.6200000e+02	1.6824448e-01	-1.6200000e+02	1.6824448e-01	-1.6200000e+02	1.6824448e-01	5.0000000e+00	8.3400002e-03
-1.6100000e+02	1.8600179e-01	-1.6100000e+02	1.8600194e-01	-1.6100000e+02	1.8600191e-01	-1.6100000e+02	1.8600191e-01	-1.6100000e+02	1.8600184e-01	-1.6100000e+02	1.8600184e-01	-1.6100000e+02	1.8600182e-01	-1.6100000e+02	1.8600182e-01	6.0000000e+00	9.0500005e-03
-1.6000000e+02	2.0455708e-01	-1.6000000e+02	2.0455725e-01	-1.6000000e+02	2.0455723e-01	-1.6000000e+02	2.0455723e-01	-1.6000000e+02	2.0455714e-01	-1.6000000e+02	2.0455714e-01	-1.6000000e+02	2.0455712e-01	-1.6000000e+02	2.0455712e-01	6.5000000e+00	9.4799995e-03
-1.5900000e+02	2.2388664e-01	-1.5900000e+02	2.2388685e-01	-1.5900000e+02	2.2388680e-01	-1.5900000e+02	2.2388680e-01	-1.5900000e+02	2.2388671e-01	-1.5900000e+02	2.2388670e-01	-1.5900000e+02	2.2388670e-01	-1.5900000e+02	2.2388670e-01	7.0000000e+00	9.9499999e-03
-1.5800000e+02	2.4396588e-01	-1.5800000e+02	2.4396610e-01	-1.5800000e+02	2.4396606e-01	-1.5800000e+02	2.4396606e-01	-1.5800000e+02	2.4396595e-01	-1.5800000e+02	2.4396594e-01	-1.5800000e+02	2.4396594e-01	-1.5800000e+02	2.4396594e-01	7.5000000e+00	1.0690000e-02
-1.5700000e+02	2.6476935e-01	-1.5700000e+02	2.6476958e-01	-1.5700000e+02	2.6476955e-01	-1.5700000e+02	2.6476955e-01	-1.5700000e+02	2.6476943e-01	-1.5700000e+02	2.6476941e-01	-1.5700000e+02	2.6476941e-01	-1.5700000e+02	2.6476941e-01	8.0000000e+00	1.1950000e-02
-1.5600000e+02	2.8627074e-01	-1.5600000e+02	2.8627101e-01	-1.5600000e+02	2.8627098e-01	-1.5600000e+02	2.8627098e-01	-1.5600000e+02	2.8627083e-01	-1.5600000e+02	2.8627083e-01	-1.5600000e+02	2.8627080e-01	-1.5600000e+02	2.8627080e-01	8.5000000e+00	1.3040000e-02
-1.5500000e+02	3.0844301e-01	-1.5500000e+02	3.0844331e-01	-1.5500000e+02	3.0844325e-01	-1.5500000e+02	3.0844325e-01	-1.5500000e+02	3.0844310e-01	-1.5500000e+02	3.0844310e-01	-1.5500000e+02	3.0844307e-01	-1.5500000e+02	3.0844307e-01	9.0000000e+00	1.3900000e-02
-1.5400000e+02	3.3125827e-01	-1.5400000e+02	3.3125862e-01	-1.5400000e+02	3.3125857e-01	-1.5400000e+02	3.3125857e-01	-1.5400000e+02	3.3125839e-01	-1.5400000e+02	3.3125839e-01	-1.5400000e+02	3.3125836e-01	-1.5400000e+02	3.3125836e-01	9.5000000e+00	1.5160000e-02
-1.5300000e+02	3.5468802e-01	-1.5300000e+02	3.5468841e-01	-1.5300000e+02	3.5468832e-01	-1.5300000e+02	3.5468832e-01	-1.5300000e+02	3.5468814e-01	-1.5300000e+02	3.5468811e-01	-1.5300000e+02	3.5468811e-01	-1.5300000e+02	3.5468811e-01	1.0000000e+01	1.7080000e-02
-1.5200000e+02	3.7870291e-01	-1.5200000e+02	3.7870336e-01	-1.5200000e+02	3.7870327e-01	-1.5200000e+02	3.7870327e-01	-1.5200000e+02	3.7870306e-01	-1.5200000e+02	3.7870303e-01	-1.5200000e+02	3.7870303e-01	-1.5200000e+02	3.7870303e-01	1.0500000e+01	1.8300001e-02
-1.5100000e+02	4.0327308e-01	-1.5100000e+02	4.0327355e-01	-1.5100000e+02	4.0327346e-01	-1.5100000e+02	4.0327346e-01	-1.5100000e+02	4.0327325e-01	-1.5100000e+02	4.0327322e-01	-1.5100000e+02	4.0327320e-01	-1.5100000e+02	4.0327320e-01	1.1000000e+01	1.9680001e-02
-1.5000000e+02	4.2836797e-01	-1.5000000e+02	4.2836851e-01	-1.5000000e+02	4.2836839e-01	-1.5000000e+02	4.2836839e-01	-1.5000000e+02	4.2836815e-01	-1.5000000e+02	4.2836812e-01	-1.5000000e+02	4.2836809e-01	-1.5000000e+02	4.2836809e-01	1.1500000e+01	2.1140000e-02
-1.4900000e+02	4.5395648e-01	-1.4900000e+02	4.5395705e-01	-1.4900000e+02	4.5395693e-01	-1.4900000e+02	4.5395693e-01	-1.4900000e+02	4.5395666e-01	-1.4900000e+02	4.5395663e-01	-1.4900000e+02	4.5395660e-01	-1.4900000e+02	4.5395660e-01	1.2000000e+01	2.2940001e-02
-1.4800000e+02	4.8000690e-01	-1.4800000e+02	4.8000750e-01	-1.4800000e+02	4.8000741e-01	-1.4800000e+02	4.8000741e-01	-1.4800000e+02	4.8000711e-01	-1.4800000e+02	4.8000708e-01	-1.4800000e+02	4.8000705e-01	-1.4800000e+02	4.8000705e-01	1.2500000e+01	2.5160000e-02
-1.4700000e+02	5.0648707e-01	-1.4700000e+02	5.0648773e-01	-1.4700000e+02	5.0648761e-01	-1.4700000e+02	5.0648761e-01	-1.4700000e+02	5.0648731e-01	-1.4700000e+02	5.0648725e-01	-1.4700000e+02	5.0648725e-01	-1.4700000e+02	5.0648725e-01	1.3000000e+01	2.8330000e-02
-1.4600000e+02	5.3336442e-01	-1.4600000e+02	5.3336513e-01	-1.4600000e+02	5.3336501e-01	-1.4600000e+02	5.3336501e-01	-1.4600000e+02	5.3336465e-01	-1.4600000e+02	5.3336459e-01	-1.4600000e+02	5.3336459e-01	-1.4600000e+02	5.3336453e-01	1.3500000e+01	3.2960001e-02
-1.4500000e+02	5.6060576e-01	-1.4500000e+02	5.6060654e-01	-1.4500000e+02	5.6060642e-01	-1.4500000e+02	5.6060642e-01	-1.4500000e+02	5.6060600e-01	-1.4500000e+02	5.6060600e-01	-1.4500000e+02	5.6060594e-01	-1.4500000e+02	5.6060594e-01	1.4000000e+01	3.6339998e-02
-1.4400000e+02	5.8817774e-01	-1.4400000e+02	5.8817858e-01	-1.4400000e+02	5.8817846e-01	-1.4400000e+02	5.8817846e-01	-1.4400000e+02	5.8817804e-01	-1.4400000e+02	5.8817798e-01	-1.4400000e+02	5.8817792e-01	-1.4400000e+02	5.8817792e-01	1.4500000e+01	4.0460002e-02
-1.4300000e+02	6.1604655e-01	-1.4300000e+02	6.1604744e-01	-1.4300000e+02	6.1604726e-01	-1.4300000e+02	6.1604726e-01	-1.4300000e+02	6.1604685e-01	-1.4300000e+02	6.1604679e-01	-1.4300000e+02	6.1604673e-01	-1.4300000e+02	6.1604673e-01	1.5000000e+01	4.5440000e-02
-1.4200000e+02	6.4417803e-01	-1.4200000e+02	6.4417905e-01	-1.4200000e+02	6.4417881e-01	-1.4200000e+02	6.4417881e-01	-1.4200000e+02	6.4417833e-01	-1.4200000e+02	6.4417827e-01	-1.4200000e+02	6.4417827e-01	-1.4200000e+02	6.4417821e-01	1.5500000e+01	5.1369999e-02
-1.4100000e+02	6.7253786e-01	-1.4100000e+02	6.7253894e-01	-1.4100000e+02	6.7253876e-01	-1.4100000e+02	6.7253870e-01	-1.4100000e+02	6.7253822e-01	-1.4100000e+02	6.7253816e-01	-1.4100000e+02	6.7253810e-01	-1.4100000e+02	6.7253810e-01	1.6000000e+01	5.8460001e-02
-1.4000000e+02	7.0109141e-01	-1.4000000e+02	7.0109260e-01	-1.4000000e+02	7.0109236e-01	-1.4000000e+02	7.0109236e-01	-1.4000000e+02	7.0109183e-01	-1.4000000e+02	7.0109177e-01	-1.4000000e+02	7.0109171e-01	-1.4000000e+02	7.0109171e-01	1.6500000e+01	6.6689998e-02
-1.3900000e+02	7.2980398e-01	-1.3900000e+02	7.2980523e-01	-1.3900000e+02	7.2980499e-01	-1.3900000e+02	7.2980499e-01	-1.3900000e+02	7.2980440e-01	-1.3900000e+02	7.2980434e-01	-1.3900000e+02	7.2980428e-01	-1.3900000e+02	7.2980428e-01	1.7000000e+01	7.6010004e-02
-1.3800000e+02	7.5864059e-01	-1.3800000e+02	7.5864196e-01	-1.3800000e+02	7.5864172e-01	-1.3800000e+02	7.5864172e-01	-1.3800000e+02	7.5864106e-01	-1.3800000e+02	7.5864100e-01	-1.3800000e+02	7.5864094e-01	-1.3800000e+02	7.5864089e-01	1.7500000e+01	8.6319998e-02
-1.3700000e+02	7.8756624e-01	-1.3700000e+02	7.8756773e-01	-1.3700000e+02	7.8756744e-01	-1.3700000e+02	7.8756744e-01	-1.3700000e+02	7.8756672e-01	-1.3700000e+02	7.8756666e-01	-1.3700000e+02	7.8756660e-01	-1.3700000e+02	7.8756660e-01	1.8000000e+01	9.7379997e-02
-1.3600000e+02	8.1654590e-01	-1.3600000e+02	8.1654745e-01	-1.3600000e+02	8.1654716e-01	-1.3600000e+02	8.1654716e-01	-1.3600000e+02	8.1654638e-01	-1.3600000e+02	8.1654632e-01	-1.3600000e+02	8.1654626e-01	-1.3600000e+02	8.1654620e-01	1.8500000e+01	1.0887000e-01
-1.3500000e+02	8.4554440e-01	-1.3500000e+02	8.4554607e-01	-1.3500000e+02	8.4554571e-01	-1.3500000e+02	8.4554571e-01	-1.3500000e+02	8.4554493e-01	-1.3500000e+02	8.4554482e-01	-1.3500000e+02	8.4554476e-01	-1.3500000e+02	8.4554476e-01	1.9000000e+01	1.2054000e-01
-1.3400000e+02	8.7452668e-01	-1.3400000e+02	8.7452847e-01	-1.3400000e+02	8.7452811e-01	-1.3400000e+02	8.7452811e-01	-1.3400000e+02	8.7452722e-01	-1.3400000e+02	8.7452716e-01	-1.3400000e+02	8.7452710e-01	-1.3400000e+02	8.7452704e-01	1.9500000e+01	1.3197000e-01
-1.3300000e+02	9.0345776e-01	-1.3300000e+02	9.0345967e-01	-1.3300000e+02	9.0345931e-01	-1.3300000e+02	9.0345931e-01	-1.3300000e+02	9.0345836e-01	-1.3300000e+02	9.0345830e-01	-1.3300000e+02	9.0345818e-01	-1.3300000e+02	9.0345818e-01	2.0000000e+01	1.4305000e-01
-1.3200000e+02	9.3230277e-01	-1.3200000e+02	9.3230474e-01	-1.3200000e+02	9.3230438e-01	-1.3200000e+02	9.3230438e-01	-1.3200000e+02	9.3230337e-01	-1.3200000e+02	9.3230331e-01	-1.3200000e+02	9.3230319e-01	-1.3200000e+02	9.3230319e-01	END	END
-1.3100000e+02	9.6102685e-01	-1.3100000e+02	9.6102899e-01	-1.3100000e+02	9.6102864e-01	-1.3100000e+02	9.6102858e-01	-1.3100000e+02	9.6102750e-01	-1.3100000e+02	9.6102744e-01	-1.3100000e+02	9.6102732e-01	-1.3100000e+02	9.6102732e-01	END	END
-1.3000000e+02	9.8959553e-01	-1.3000000e+02	9.8959786e-01	-1.3000000e+02	9.8959738e-01	-1.3000000e+02	9.8959738e-01	-1.3000000e+02	9.8959625e-01	-1.3000000e+02	9.8959619e-01	-1.3000000e+02	9.8959607e-01	-1.3000000e+02	9.8959601e-01	END	END
-1.2900000e+02	1.0179745e+00	-1.2900000e+02	1.0179769e+00	-1.2900000e+02	1.0179764e+00	-1.2900000e+02	1.0179764e+00	-1.2900000e+02	1.0179752e+00	-1.2900000e+02	1.0179751e+00	-1.2900000e+02	1.0179750e+00	-1.2900000e+02	1.0179750e+00	END	END
-1.2800000e+02	1.0461295e+00	-1.2800000e+02	1.0461321e+00	-1.2800000e+02	1.0461316e+00	-1.2800000e+02	1.0461316e+00	-1.2800000e+02	1.0461303e+00	-1.2800000e+02	1.0461302e+00	-1.2800000e+02	1.0461301e+00	-1.2800000e+02	1.0461301e+00	END	END
-1.2700000e+02	1.0740269e+00	-1.2700000e+02	1.0740297e+00	-1.2700000e+02	1.0740291e+00	-1.2700000e+02	1.0740291e+00	-1.2700000e+02	1.0740278e+00	-1.2700000e+02	1.0740277e+00	-1.2700000e+02	1.0740275e+00	-1.2700000e+02	1.0740274e+00	END	END
-1.2600000e+02	1.1016332e+00	-1.2600000e+02	1.1016362e+00	-1.2600000e+02	1.1016356e+00	-1.2600000e+02	1.1016356e+00	-1.2600000e+02	1.1016341e+00	-1.2600000e+02	1.1016340e+00	-1.2600000e+02	1.1016339e+00	-1.2600000e+02	1.1016338e+00	END	END
-1.2500000e+02	1.1289154e+00	-1.2500000e+02	1.1289185e+00	-1.2500000e+02	1.1289179e+00	-1.2500000e+02	1.1289179e+00	-1.2500000e+02	1.1289164e+00	-1.2500000e+02	1.1289163e+00	-1.2500000e+02	1.1289161e+00	-1.2500000e+02	1.1289160e+00	END	END
-1.2400000e+02	1.1558409e+00	-1.2400000e+02	1.1558442e+00	-1.2400000e+02	1.1558436e+00	-1.2400000e+02	1.1558435e+00	-1.2400000e+02	1.1558419e+00	-1.2400000e+02	1.1558418e+00	-1.2400000e+02	1.1558416e+00	-1.2400000e+02	1.1558416e+00	END	END
-1.2300000e+02	1.1823775e+00	-1.2300000e+02	1.1823809e+00	-1.2300000e+02	1.1823803e+00	-1.2300000e+02	1.1823802e+00	-1.2300000e+02	1.1823785e+00	-1.2300000e+02	1.1823784e+00	-1.2300000e+02	1.1823782e+00	-1.2300000e+02	1.1823782e+00	END	END
-1.2200000e+02	1.2084935e+00	-1.2200000e+02	1.2084970e+00	-1.2200000e+02	1.2084965e+00	-1.2200000e+02	1.2084963e+00	-1.2200000e+02	1.2084945e+00	-1.2200000e+02	1.2084943e+00	-1.2200000e+02	1.2084942e+00	-1.2200000e+02	1.2084942e+00	END	END
-1.2100000e+02	1.2341577e+00	-1.2100000e+02	1.2341615e+00	-1.2100000e+02	1.2341608e+00	-1.2100000e+02	1.2341608e+00	-1.2100000e+02	1.2341588e+00	-1.2100000e+02	1.2341586e+00	-1.2100000e+02	1.2341584e+00	-1.2100000e+02	1.2341584e+00	END	END
-1.2000000e+02	1.2593395e+00	-1.2000000e+02	1.2593436e+00	-1.2000000e+02	1.2593428e+00	-1.2000000e+02	1.2593428e+00	-1.2000000e+02	1.2593406e+00	-1.2000000e+02	1.2593405e+00	-1.2000000e+02	1.2593403e+00	-1.2000000e+02	1.2593403e+00	END	END
-1.1900000e+02	1.2840090e+00	-1.1900000e+02	1.2840134e+00	-1.1900000e+02	1.2840126e+00	-1.1900000e+02	1.2840124e+00	-1.1900000e+02	1.2840103e+00	-1.1900000e+02	1.2840101e+00	-1.1900000e+02	1.2840099e+00	-1.1900000e+02	1.2840098e+00	END	END
-1.1800000e+02	1.3081368e+00	-1.1800000e+02	1.3081415e+00	-1.1800000e+02	1.3081405e+00	-1.1800000e+02	1.3081405e+00	-1.1800000e+02	1.3081381e+00	-1.1800000e+02	1.3081380e+00	-1.1800000e+02	1.3081378e+00	-1.1800000e+02	1.3081377e+00	END	END
-1.1700000e+02	1.3316944e+00	-1.1700000e+02	1.3316991e+00	-1.1700000e+02	1.3316983e+00	-1.1700000e+02	1.3316982e+00	-1.1700000e+02	1.3316957e+00	-1.1700000e+02	1.3316956e+00	-1.1700000e+02	1.3316953e+00	-1.1700000e+02	1.3316952e+00	END	END
-1.1600000e+02	1.3546535e+00	-1.1600000e+02	1.3546586e+00	-1.1600000e+02	1.3546575e+00	-1.1600000e+02	1.3546575e+00	-1.1600000e+02	1.3546549e+00	-1.1600000e+02	1.3546547e+00	-1.1600000e+02	1.3546544e+00	-1.1600000e+02	1.3546544e+00	END	END
-1.1500000e+02	1.3769870e+00	-1.1500000e+02	1.3769923e+00	-1.1500000e+02	1.3769913e+00	-1.1500000e+02	1.3769913e+00	-1.1500000e+02	1.3769884e+00	-1.1500000e+02	1.3769883e+00	-1.1500000e+02	1.3769881e+00	-1.1500000e+02	1.3769879e+00	END	END
-1.1400000e+02	1.3986684e+00	-1.1400000e+02	1.3986740e+00	-1.1400000e+02	1.3986729e+00	-1.1400000e+02	1.3986728e+00	-1.1400000e+02	1.3986700e+00	-1.1400000e+02	1.3986697e+00	-1.1400000e+02	1.3986695e+00	-1.1400000e+02	1.3986694e+00	END	END
-1.1300000e+02	1.4196719e+00	-1.1300000e+02	1.4196779e+00	-1.1300000e+02	1.4196768e+00	-1.1300000e+02	1.4196767e+00	-1.1300000e+02	1.4196736e+00	-1.1300000e+02	1.4196733e+00	-1.1300000e+02	1.4196731e+00	-1.1300000e+02	1.4196730e+00	END	END
-1.1200000e+02	1.4399728e+00	-1.1200000e+02	1.4399791e+00	-1.1200000e+02	1.4399779e+00	-1.1200000e+02	1.4399778e+00	-1.1200000e+02	1.4399744e+00	-1.1200000e+02	1.4399743e+00	-1.1200000e+02	1.4399740e+00	-1.1200000e+02	1.4399738e+00	END	END
-1.1100000e+02	1.4595469e+00	-1.1100000e+02	1.4595535e+00	-1.1100000e+02	1.4595523e+00	-1.1100000e+02	1.4595522e+00	-1.1100000e+02	1.4595487e+00	-1.1100000e+02	1.4595485e+00	-1.1100000e+02	1.4595481e+00	-1.1100000e+02	1.4595480e+00	END	END
-1.1000000e+02	1.4783710e+00	-1.1000000e+02	1.4783781e+00	-1.1000000e+02	1.4783767e+00	-1.1000000e+02	1.4783766e+00	-1.1000000e+02	1.4783729e+00	-1.1000000e+02	1.4783727e+00	-1.1000000e+02	1.4783723e+00	-1.1000000e+02	1.4783722e+00	END	END
-1.0900000e+02	1.4964230e+00	-1.0900000e+02	1.4964304e+00	-1.0900000e+02	1.4964290e+00	-1.0900000e+02	1.4964288e+00	-1.0900000e+02	1.4964250e+00	-1.0900000e+02	1.4964247e+00	-1.0900000e+02	1.4964243e+00	-1.0900000e+02	1.4964242e+00	END	END
-1.0800000e+02	1.5136815e+00	-1.0800000e+02	1.5136893e+00	-1.0800000e+02	1.5136877e+00	-1.0800000e+02	1.5136876e+00	-1.0800000e+02	1.5136836e+00	-1.0800000e+02	1.5136832e+00	-1.0800000e+02	1.5136828e+00	-1.0800000e+02	1.5136827e+00	END	END
-1.0700000e+02	1.5301260e+00	-1.0700000e+02	1.5301342e+00	-1.0700000e+02	1.5301325e+00	-1.0700000e+02	1.5301324e+00	-1.0700000e+02	1.5301281e+00	-1.0700000e+02	1.5301279e+00	-1.0700000e+02	1.5301274e+00	-1.0700000e+02	1.5301273e+00	END	END
-1.0600000e+02	1.5457371e+00	-1.0600000e+02	1.5457457e+00	-1.0600000e+02	1.5457441e+00	-1.0600000e+02	1.5457439e+00	-1.0600000e+02	1.5457394e+00	-1.0600000e+02	1.5457391e+00	-1.0600000e+02	1.5457386e+00	-1.0600000e+02	1.5457385e+00	END	END
-1.0500000e+02	1.5604966e+00	-1.0500000e+02	1.5605056e+00	-1.0500000e+02	1.5605038e+00	-1.0500000e+02	1.5605037e+00	-1.0500000e+02	1.5604988e+00	-1.0500000e+02	1.5604985e+00	-1.0500000e+02	1.5604981e+00	-1.0500000e+02	1.5604979e+00	END	END
-1.0400000e+02	1.5743867e+00	-1.0400000e+02	1.5743963e+00	-1.0400000e+02	1.5743943e+00	-1.0400000e+02	1.5743942e+00	-1.0400000e+02	1.5743891e+00	-1.0400000e+02	1.5743887e+00	-1.0400000e+02	1.5743883e+00	-1.0400000e+02	1.5743881e+00	END	END
-1.0300000e+02	1.5873913e+00	-1.0300000e+02	1.5874013e+00	-1.0300000e+02	1.5873992e+00	-1.0300000e+02	1.5873991e+00	-1.0300000e+02	1.5873938e+00	-1.0300000e+02	1.5873934e+00	-1.0300000e+02	1.5873929e+00	-1.0300000e+02	1.5873928e+00	END	END
-1.0200000e+02	1.5994949e+00	-1.0200000e+02	1.5995054e+00	-1.0200000e+02	1.5995033e+00	-1.0200000e+02	1.5995032e+00	-1.0200000e+02	1.5994976e+00	-1.0200000e+02	1.5994971e+00	-1.0200000e+02	1.5994966e+00	-1.0200000e+02	1.5994965e+00	END	END
-1.0100000e+02	1.6106833e+00	-1.0100000e+02	1.6106944e+00	-1.0100000e+02	1.6106921e+00	-1.0100000e+02	1.6106920e+00	-1.0100000e+02	1.6106861e+00	-1.0100000e+02	1.6106857e+00	-1.0100000e+02	1.6106851e+00	-1.0100000e+02	1.6106849e+00	END	END
-1.0000000e+02	1.6209433e+00	-1.0000000e+02	1.6209550e+00	-1.0000000e+02	1.6209526e+00	-1.0000000e+02	1.6209525e+00	-1.0000000e+02	1.6209462e+00	-1.0000000e+02	1.6209458e+00	-1.0000000e+02	1.6209452e+00	-1.0000000e+02	1.6209450e+00	END	END
-9.9000000e+01	1.6302629e+00	-9.9000000e+01	1.6302751e+00	-9.9000000e+01	1.6302726e+00	-9.9000000e+01	1.6302725e+00	-9.9000000e+01	1.6302658e+00	-9.9000000e+01	1.6302654e+00	-9.9000000e+01	1.6302648e+00	-9.9000000e+01	1.6302645e+00	END	END
-9.8000000e+01	1.6386310e+00	-9.8000000e+01	1.6386437e+00	-9.8000000e+01	1.6386412e+00	-9.8000000e+01	1.6386410e+00	-9.8000000e+01	1.6386340e+00	-9.8000000e+01	1.6386336e+00	-9.8000000e+01	1.6386329e+00	-9.8000000e+01	1.6386327e+00	END	END
-9.7000000e+01	1.6460377e+00	-9.7000000e+01	1.6460512e+00	-9.7000000e+01	1.6460484e+00	-9.7000000e+01	1.6460483e+00	-9.7000000e+01	1.6460409e+00	-9.7000000e+01	1.6460404e+00	-9.7000000e+01	1.6460397e+00	-9.7000000e+01	1.6460395e+00	END	END
-9.6000000e+01	1.6524744e+00	-9.6000000e+01	1.6524886e+00	-9.6000000e+01	1.6524857e+00	-9.6000000e+01	1.6524855e+00	-9.6000000e+01	1.6524777e+00	-9.6000000e+01	1.6524773e+00	-9.6000000e+01	1.6524764e+00	-9.6000000e+01	1.6524763e+00	END	END
-9.5000000e+01	1.6579335e+00	-9.5000000e+01	1.6579484e+00	-9.5000000e+01	1.6579454e+00	-9.5000000e+01	1.6579452e+00	-9.5000000e+01	1.6579369e+00	-9.5000000e+01	1.6579365e+00	-9.5000000e+01	1.6579356e+00	-9.5000000e+01	1.6579354e+00	END	END
-9.4000000e+01	1.6624086e+00	-9.4000000e+01	1.6624241e+00	-9.4000000e+01	1.6624210e+00	-9.4000000e+01	1.6624207e+00	-9.4000000e+01	1.6624120e+00	-9.4000000e+01	1.6624116e+00	-9.4000000e+01	1.6624107e+00	-9.4000000e+01	1.6624105e+00	END	END
-9.3000000e+01	1.6658943e+00	-9.3000000e+01	1.6659106e+00	-9.3000000e+01	1.6659073e+00	-9.3000000e+01	1.6659070e+00	-9.3000000e+01	1.6658978e+00	-9.3000000e+01	1.6658974e+00	-9.3000000e+01	1.6658964e+00	-9.3000000e+01	1.6658962e+00	END	END
-9.2000000e+01	1.6683865e+00	-9.2000000e+01	1.6684036e+00	-9.2000000e+01	1.6684002e+00	-9.2000000e+01	1.6683998e+00	-9.2000000e+01	1.6683903e+00	-9.2000000e+01	1.6683897e+00	-9.2000000e+01	1.6683887e+00	-9.2000000e+01	1.6683885e+00	END	END
-9.1000000e+01	1.6698824e+00	-9.1000000e+01	1.6699004e+00	-9.1000000e+01	1.6698967e+00	-9.1000000e+01	1.6698964e+00	-9.1000000e+01	1.6698862e+00	-9.1000000e+01	1.6698856e+00	-9.1000000e+01	1.6698847e+00	-9.1000000e+01	1.6698844e+00	END	END
-9.0000000e+01	1.6703801e+00	-9.0000000e+01	1.6703991e+00	-9.0000000e+01	1.6703951e+00	-9.0000000e+01	1.6703948e+00	-9.0000000e+01	1.6703842e+00	-9.0000000e+01	1.6703836e+00	-9.0000000e+01	1.6703825e+00	-9.0000000e+01	1.6703821e+00	END	END
-8.9000000e+01	1.6698792e+00	-8.9000000e+01	1.6698991e+00	-8.9000000e+01	1.6698949e+00	-8.9000000e+01	1.6698946e+00	-8.9000000e+01	1.6698833e+00	-8.9000000e+01	1.6698827e+00	-8.9000000e+01	1.6698816e+00	-8.9000000e+01	1.6698812e+00	END	END
-8.8000000e+01	1.6683800e+00	-8.8000000e+01	1.6684009e+00	-8.8000000e+01	1.6683966e+00	-8.8000000e+01	1.6683962e+00	-8.8000000e+01	1.6683843e+00	-8.8000000e+01	1.6683836e+00	-8.8000000e+01	1.6683825e+00	-8.8000000e+01	1.6683822e+00	END	END
-8.7000000e+01	1.6658845e+00	-8.7000000e+01	1.6659064e+00	-8.7000000e+01	1.6659019e+00	-8.7000000e+01	1.6659014e+00	-8.7000000e+01	1.6658889e+00	-8.7000000e+01	1.6658882e+00	-8.7000000e+01	1.6658870e+00	-8.7000000e+01	1.6658866e+00	END	END
-8.6000000e+01	1.6623956e+00	-8.6000000e+01	1.6624186e+00	-8.6000000e+01	1.6624137e+00	-8.6000000e+01	1.6624134e+00	-8.6000000e+01	1.6624001e+00	-8.6000000e+01	1.6623994e+00	-8.6000000e+01	1.6623981e+00	-8.6000000e+01	1.6623977e+00	END	END
-8.5000000e+01	1.6579173e+00	-8.5000000e+01	1.6579415e+00	-8.5000000e+01	1.6579363e+00	-8.5000000e+01	1.6579359e+00	-8.5000000e+01	1.6579219e+00	-8.5000000e+01	1.6579212e+00	-8.5000000e+01	1.6579198e+00	-8.5000000e+01	1.6579194e+00	END	END
-8.4000000e+01	1.6524549e+00	-8.4000000e+01	1.6524802e+00	-8.4000000e+01	1.6524749e+00	-8.4000000e+01	1.6524743e+00	-8.4000000e+01	1.6524596e+00	-8.4000000e+01	1.6524589e+00	-8.4000000e+01	1.6524575e+00	-8.4000000e+01	1.6524570e+00	END	END
-8.3000000e+01	1.6460148e+00	-8.3000000e+01	1.6460414e+00	-8.3000000e+01	1.6460358e+00	-8.3000000e+01	1.6460352e+00	-8.3000000e+01	1.6460197e+00	-8.3000000e+01	1.6460189e+00	-8.3000000e+01	1.6460173e+00	-8.3000000e+01	1.6460170e+00	END	END
-8.2000000e+01	1.6386045e+00	-8.2000000e+01	1.6386325e+00	-8.2000000e+01	1.6386266e+00	-8.2000000e+01	1.6386260e+00	-8.2000000e+01	1.6386096e+00	-8.2000000e+01	1.6386088e+00	-8.2000000e+01	1.6386071e+00	-8.2000000e+01	1.6386067e+00	END	END
-8.1000000e+01	1.6302329e+00	-8.1000000e+01	1.6302624e+00	-8.1000000e+01	1.6302561e+00	-8.1000000e+01	1.6302555e+00	-8.1000000e+01	1.6302382e+00	-8.1000000e+01	1.6302373e+00	-8.1000000e+01	1.6302356e+00	-8.1000000e+01	1.6302351e+00	END	END
-8.0000000e+01	1.6209098e+00	-8.0000000e+01	1.6209407e+00	-8.0000000e+01	1.6209341e+00	-8.0000000e+01	1.6209334e+00	-8.0000000e+01	1.6209152e+00	-8.0000000e+01	1.6209142e+00	-8.0000000e+01	1.6209124e+00	-8.0000000e+01	1.6209120e+00	END	END
-7.9000000e+01	1.6106461e+00	-7.9000000e+01	1.6106786e+00	-7.9000000e+01	1.6106716e+00	-7.9000000e+01	1.6106708e+00	-7.9000000e+01	1.6106516e+00	-7.9000000e+01	1.6106507e+00	-7.9000000e+01	1.6106488e+00	-7.9000000e+01	1.6106483e+00	END	END
-7.8000000e+01	1.5994540e+00	-7.8000000e+01	1.5994880e+00	-7.8000000e+01	1.5994806e+00	-7.8000000e+01	1.5994799e+00	-7.8000000e+01	1.5994595e+00	-7.8000000e+01	1.5994586e+00	-7.8000000e+01	1.5994565e+00	-7.8000000e+01	1.5994560e+00	END	END
-7.7000000e+01	1.5873466e+00	-7.7000000e+01	1.5873822e+00	-7.7000000e+01	1.5873744e+00	-7.7000000e+01	1.5873736e+00	-7.7000000e+01	1.5873522e+00	-7.7000000e+01	1.5873512e+00	-7.7000000e+01	1.5873491e+00	-7.7000000e+01	1.5873485e+00	END	END
-7.6000000e+01	1.5743380e+00	-7.6000000e+01	1.5743755e+00	-7.6000000e+01	1.5743674e+00	-7.6000000e+01	1.5743665e+00	-7.6000000e+01	1.5743438e+00	-7.6000000e+01	1.5743427e+00	-7.6000000e+01	1.5743405e+00	-7.6000000e+01	1.5743397e+00	END	END
-7.5000000e+01	1.5604438e+00	-7.5000000e+01	1.5604832e+00	-7.5000000e+01	1.5604745e+00	-7.5000000e+01	1.5604736e+00	-7.5000000e+01	1.5604496e+00	-7.5000000e+01	1.5604485e+00	-7.5000000e+01	1.5604461e+00	-7.5000000e+01	1.5604454e+00	END	END
-7.4000000e+01	1.5456800e+00	-7.4000000e+01	1.5457217e+00	-7.4000000e+01	1.5457125e+00	-7.4000000e+01	1.5457114e+00	-7.4000000e+01	1.5456861e+00	-7.4000000e+01	1.5456849e+00	-7.4000000e+01	1.5456824e+00	-7.4000000e+01	1.5456817e+00	END	END
-7.3000000e+01	1.5300646e+00	-7.3000000e+01	1.5301082e+00	-7.3000000e+01	1.5300986e+00	-7.3000000e+01	1.5300975e+00	-7.3000000e+01	1.5300707e+00	-7.3000000e+01	1.5300695e+00	-7.3000000e+01	1.5300667e+00	-7.3000000e+01	1.5300660e+00	END	END
-7.2000000e+01	1.5136155e+00	-7.2000000e+01	1.5136614e+00	-7.2000000e+01	1.5136513e+00	-7.2000000e+01	1.5136501e+00	-7.2000000e+01	1.5136217e+00	-7.2000000e+01	1.5136204e+00	-7.2000000e+01	1.5136176e+00	-7.2000000e+01	1.5136168e+00	END	END
-7.1000000e+01	1.4963523e+00	-7.1000000e+01	1.4964006e+00	-7.1000000e+01	1.4963899e+00	-7.1000000e+01	1.4963886e+00	-7.1000000e+01	1.4963585e+00	-7.1000000e+01	1.4963572e+00	-7.1000000e+01	1.4963542e+00	-7.1000000e+01	1.4963534e+00	END	END
-7.0000000e+01	1.4782954e+00	-7.0000000e+01	1.4783462e+00	-7.0000000e+01	1.4783349e+00	-7.0000000e+01	1.4783335e+00	-7.0000000e+01	1.4783016e+00	-7.0000000e+01	1.4783003e+00	-7.0000000e+01	1.4782971e+00	-7.0000000e+01	1.4782963e+00	END	END
-6.9000000e+01	1.4594661e+00	-6.9000000e+01	1.4595196e+00	-6.9000000e+01	1.4595076e+00	-6.9000000e+01	1.4595062e+00	-6.9000000e+01	1.4594724e+00	-6.9000000e+01	1.4594710e+00	-6.9000000e+01	1.4594676e+00	-6.9000000e+01	1.4594667e+00	END	END
-6.8000000e+01	1.4398867e+00	-6.8000000e+01	1.4399431e+00	-6.8000000e+01	1.4399303e+00	-6.8000000e+01	1.4399287e+00	-6.8000000e+01	1.4398929e+00	-6.8000000e+01	1.4398915e+00	-6.8000000e+01	1.4398879e+00	-6.8000000e+01	1.4398868e+00	END	END
-6.7000000e+01	1.4195802e+00	-6.7000000e+01	1.4196396e+00	-6.7000000e+01	1.4196261e+00	-6.7000000e+01	1.4196244e+00	-6.7000000e+01	1.4195864e+00	-6.7000000e+01	1.4195850e+00	-6.7000000e+01	1.4195812e+00	-6.7000000e+01	1.4195800e+00	END	END
-6.6000000e+01	1.3985708e+00	-6.6000000e+01	1.3986334e+00	-6.6000000e+01	1.3986192e+00	-6.6000000e+01	1.3986173e+00	-6.6000000e+01	1.3985770e+00	-6.6000000e+01	1.3985754e+00	-6.6000000e+01	1.3985714e+00	-6.6000000e+01	1.3985702e+00	END	END
-6.5000000e+01	1.3768833e+00	-6.5000000e+01	1.3769492e+00	-6.5000000e+01	1.3769342e+00	-6.5000000e+01	1.3769321e+00	-6.5000000e+01	1.3768892e+00	-6.5000000e+01	1.3768877e+00	-6.5000000e+01	1.3768834e+00	-6.5000000e+01	1.3768821e+00	END	END
-6.4000000e+01	1.3545433e+00	-6.4000000e+01	1.3546128e+00	-6.4000000e+01	1.3545969e+00	-6.4000000e+01	1.3545947e+00	-6.4000000e+01	1.3545492e+00	-6.4000000e+01	1.3545475e+00	-6.4000000e+01	1.3545430e+00	-6.4000000e+01	1.3545415e+00	END	END
-6.3000000e+01	1.3315774e+00	-6.3000000e+01	1.3316507e+00	-6.3000000e+01	1.3316338e+00	-6.3000000e+01	1.3316314e+00	-6.3000000e+01	1.3315830e+00	-6.3000000e+01	1.3315814e+00	-6.3000000e+01	1.3315765e+00	-6.3000000e+01	1.3315750e+00	END	END
-6.2000000e+01	1.3080127e+00	-6.2000000e+01	1.3080902e+00	-6.2000000e+01	1.3080722e+00	-6.2000000e+01	1.3080697e+00	-6.2000000e+01	1.3080181e+00	-6.2000000e+01	1.3080164e+00	-6.2000000e+01	1.3080112e+00	-6.2000000e+01	1.3080096e+00	END	END
-6.1000000e+01	1.2838773e+00	-6.1000000e+01	1.2839592e+00	-6.1000000e+01	1.2839401e+00	-6.1000000e+01	1.2839373e+00	-6.1000000e+01	1.2838824e+00	-6.1000000e+01	1.2838806e+00	-6.1000000e+01	1.2838750e+00	-6.1000000e+01	1.2838733e+00	END	END
-6.0000000e+01	1.2591997e+00	-6.0000000e+01	1.2592863e+00	-6.0000000e+01	1.2592659e+00	-6.0000000e+01	1.2592630e+00	-6.0000000e+01	1.2592044e+00	-6.0000000e+01	1.2592026e+00	-6.0000000e+01	1.2591966e+00	-6.0000000e+01	1.2591949e+00	END	END
-5.9000000e+01	1.2340094e+00	-5.9000000e+01	1.2341009e+00	-5.9000000e+01	1.2340792e+00	-5.9000000e+01	1.2340761e+00	-5.9000000e+01	1.2340136e+00	-5.9000000e+01	1.2340117e+00	-5.9000000e+01	1.2340053e+00	-5.9000000e+01	1.2340034e+00	END	END
-5.8000000e+01	1.2083362e+00	-5.8000000e+01	1.2084330e+00	-5.8000000e+01	1.2084100e+00	-5.8000000e+01	1.2084066e+00	-5.8000000e+01	1.2083397e+00	-5.8000000e+01	1.2083379e+00	-5.8000000e+01	1.2083310e+00	-5.8000000e+01	1.2083290e+00	END	END
-5.7000000e+01	1.1822107e+00	-5.7000000e+01	1.1823133e+00	-5.7000000e+01	1.1822888e+00	-5.7000000e+01	1.1822850e+00	-5.7000000e+01	1.1822135e+00	-5.7000000e+01	1.1822116e+00	-5.7000000e+01	1.1822042e+00	-5.7000000e+01	1.1822021e+00	END	END
-5.6000000e+01	1.1556640e+00	-5.6000000e+01	1.1557727e+00	-5.6000000e+01	1.1557465e+00	-5.6000000e+01	1.1557424e+00	-5.6000000e+01	1.1556659e+00	-5.6000000e+01	1.1556640e+00	-5.6000000e+01	1.1556561e+00	-5.6000000e+01	1.1556538e+00	END	END
-5.5000000e+01	1.1287277e+00	-5.5000000e+01	1.1288429e+00	-5.5000000e+01	1.1288151e+00	-5.5000000e+01	1.1288106e+00	-5.5000000e+01	1.1287286e+00	-5.5000000e+01	1.1287266e+00	-5.5000000e+01	1.1287181e+00	-5.5000000e+01	1.1287156e+00	END	END
-5.4000000e+01	1.1014339e+00	-5.4000000e+01	1.1015562e+00	-5.4000000e+01	1.1015264e+00	-5.4000000e+01	1.1015216e+00	-5.4000000e+01	1.1014336e+00	-5.4000000e+01	1.1014316e+00	-5.4000000e+01	1.1014224e+00	-5.4000000e+01	1.1014198e+00	END	END
-5.3000000e+01	1.0738151e+00	-5.3000000e+01	1.0739452e+00	-5.3000000e+01	1.0739132e+00	-5.3000000e+01	1.0739080e+00	-5.3000000e+01	1.0738134e+00	-5.3000000e+01	1.0738114e+00	-5.3000000e+01	1.0738016e+00	-5.3000000e+01	1.0737988e+00	END	END
-5.2000000e+01	1.0459044e+00	-5.2000000e+01	1.0460427e+00	-5.2000000e+01	1.0460086e+00	-5.2000000e+01	1.0460029e+00	-5.2000000e+01	1.0459012e+00	-5.2000000e+01	1.0458992e+00	-5.2000000e+01	1.0458885e+00	-5.2000000e+01	1.0458854e+00	END	END
-5.1000000e+01	1.0177351e+00	-5.1000000e+01	1.0178823e+00	-5.1000000e+01	1.0178457e+00	-5.1000000e+01	1.0178396e+00	-5.1000000e+01	1.0177300e+00	-5.1000000e+01	1.0177280e+00	-5.1000000e+01	1.0177165e+00	-5.1000000e+01	1.0177132e+00	END	END
-5.0000000e+01	9.8934096e-01	-5.0000000e+01	9.8949772e-01	-5.0000000e+01	9.8945850e-01	-5.0000000e+01	9.8945171e-01	-5.0000000e+01	9.8933351e-01	-5.0000000e+01	9.8933154e-01	-5.0000000e+01	9.8931915e-01	-5.0000000e+01	9.8931551e-01	END	END
-4.9000000e+01	9.6075577e-01	-4.9000000e+01	9.6092302e-01	-4.9000000e+01	9.6088088e-01	-4.9000000e+01	9.6087343e-01	-4.9000000e+01	9.6074575e-01	-4.9000000e+01	9.6074384e-01	-4.9000000e+01	9.6073031e-01	-4.9000000e+01	9.6072644e-01	END	END
-4.8000000e+01	9.3201387e-01	-4.8000000e+01	9.3219244e-01	-4.8000000e+01	9.3214709e-01	-4.8000000e+01	9.3213898e-01	-4.8000000e+01	9.3200076e-01	-4.8000000e+01	9.3199897e-01	-4.8000000e+01	9.3198431e-01	-4.8000000e+01	9.3198007e-01	END	END
-4.7000000e+01	9.0314966e-01	-4.7000000e+01	9.0334058e-01	-4.7000000e+01	9.0329176e-01	-4.7000000e+01	9.0328288e-01	-4.7000000e+01	9.0313298e-01	-4.7000000e+01	9.0313125e-01	-4.7000000e+01	9.0311527e-01	-4.7000000e+01	9.0311068e-01	END	END
-4.6000000e+01	8.7419778e-01	-4.6000000e+01	8.7440211e-01	-4.6000000e+01	8.7434947e-01	-4.6000000e+01	8.7433970e-01	-4.6000000e+01	8.7417686e-01	-4.6000000e+01	8.7417531e-01	-4.6000000e+01	8.7415785e-01	-4.6000000e+01	8.7415284e-01	END	END
-4.5000000e+01	8.4519285e-01	-4.5000000e+01	8.4541190e-01	-4.5000000e+01	8.4535503e-01	-4.5000000e+01	8.4534431e-01	-4.5000000e+01	8.4516704e-01	-4.5000000e+01	8.4516567e-01	-4.5000000e+01	8.4514660e-01	-4.5000000e+01	8.4514111e-01	END	END
-4.4000000e+01	8.1616974e-01	-4.4000000e+01	8.1640488e-01	-4.4000000e+01	8.1634337e-01	-4.4000000e+01	8.1633151e-01	-4.4000000e+01	8.1613821e-01	-4.4000000e+01	8.1613702e-01	-4.4000000e+01	8.1611615e-01	-4.4000000e+01	8.1611013e-01	END	END
-4.3000000e+01	7.8716332e-01	-4.3000000e+01	7.8741610e-01	-4.3000000e+01	7.8734940e-01	-4.3000000e+01	7.8733635e-01	-4.3000000e+01	7.8712493e-01	-4.3000000e+01	7.8712410e-01	-4.3000000e+01	7.8710115e-01	-4.3000000e+01	7.8709453e-01	END	END
-4.2000000e+01	7.5820827e-01	-4.2000000e+01	7.5848055e-01	-4.2000000e+01	7.5840813e-01	-4.2000000e+01	7.5839365e-01	-4.2000000e+01	7.5816196e-01	-4.2000000e+01	7.5816154e-01	-4.2000000e+01	7.5813621e-01	-4.2000000e+01	7.5812894e-01	END	END
-4.1000000e+01	7.2933948e-01	-4.1000000e+01	7.2963321e-01	-4.1000000e+01	7.2955447e-01	-4.1000000e+01	7.2953838e-01	-4.1000000e+01	7.2928381e-01	-4.1000000e+01	7.2928387e-01	-4.1000000e+01	7.2925586e-01	-4.1000000e+01	7.2924781e-01	END	END
-4.0000000e+01	7.0059156e-01	-4.0000000e+01	7.0090902e-01	-4.0000000e+01	7.0082325e-01	-4.0000000e+01	7.0080531e-01	-4.0000000e+01	7.0052475e-01	-4.0000000e+01	7.0052546e-01	-4.0000000e+01	7.0049441e-01	-4.0000000e+01	7.0048547e-01	END	END
-3.9000000e+01	6.7199904e-01	-3.9000000e+01	6.7234284e-01	-3.9000000e+01	6.7224908e-01	-3.9000000e+01	6.7222911e-01	-3.9000000e+01	6.7191899e-01	-3.9000000e+01	6.7192048e-01	-3.9000000e+01	6.7188597e-01	-3.9000000e+01	6.7187601e-01	END	END
-3.8000000e+01	6.4359605e-01	-3.8000000e+01	6.4396924e-01	-3.8000000e+01	6.4386660e-01	-3.8000000e+01	6.4384431e-01	-3.8000000e+01	6.4350039e-01	-3.8000000e+01	6.4350283e-01	-3.8000000e+01	6.4346427e-01	-3.8000000e+01	6.4345318e-01	END	END
-3.7000000e+01	6.1541677e-01	-3.7000000e+01	6.1582273e-01	-3.7000000e+01	6.1571002e-01	-3.7000000e+01	6.1568499e-01	-3.7000000e+01	6.1530232e-01	-3.7000000e+01	6.1530596e-01	-3.7000000e+01	6.1526275e-01	-3.7000000e+01	6.1525035e-01	END	END
-3.6000000e+01	5.8749467e-01	-3.6000000e+01	5.8793753e-01	-3.6000000e+01	5.8781344e-01	-3.6000000e+01	5.8778530e-01	-3.6000000e+01	5.8735782e-01	-3.6000000e+01	5.8736300e-01	-3.6000000e+01	5.8731437e-01	-3.6000000e+01	5.8730036e-01	END	END
-3.5000000e+01	5.5986321e-01	-3.5000000e+01	5.6034744e-01	-3.5000000e+01	5.6021047e-01	-3.5000000e+01	5.6017870e-01	-3.5000000e+01	5.5969924e-01	-3.5000000e+01	5.5970633e-01	-3.5000000e+01	5.5965132e-01	-3.5000000e+01	5.5963552e-01	END	END
-3.4000000e+01	5.3255510e-01	-3.4000000e+01	5.3308618e-01	-3.4000000e+01	5.3293449e-01	-3.4000000e+01	5.3289849e-01	-3.4000000e+01	5.3235835e-01	-3.4000000e+01	5.3236789e-01	-3.4000000e+01	5.3230530e-01	-3.4000000e+01	5.3228730e-01	END	END
-3.3000000e+01	5.0560254e-01	-3.3000000e+01	5.0618684e-01	-3.3000000e+01	5.0601828e-01	-3.3000000e+01	5.0597739e-01	-3.3000000e+01	5.0536585e-01	-3.3000000e+01	5.0537848e-01	-3.3000000e+01	5.0530702e-01	-3.3000000e+01	5.0528646e-01	END	END
-3.2000000e+01	4.7903723e-01	-3.2000000e+01	4.7968227e-01	-3.2000000e+01	4.7949430e-01	-3.2000000e+01	4.7944754e-01	-3.2000000e+01	4.7875166e-01	-3.2000000e+01	4.7876817e-01	-3.2000000e+01	4.7868600e-01	-3.2000000e+01	4.7866234e-01	END	END
-3.1000000e+01	4.5288998e-01	-3.1000000e+01	4.5360467e-01	-3.1000000e+01	4.5339423e-01	-3.1000000e+01	4.5334056e-01	-3.1000000e+01	4.5254412e-01	-3.1000000e+01	4.5256561e-01	-3.1000000e+01	4.5247051e-01	-3.1000000e+01	4.5244315e-01	END	END
-3.0000000e+01	4.2719081e-01	-3.0000000e+01	4.2798579e-01	-3.0000000e+01	4.2774922e-01	-3.0000000e+01	4.2768735e-01	-3.0000000e+01	4.2677000e-01	-3.0000000e+01	4.2679796e-01	-3.0000000e+01	4.2668712e-01	-3.0000000e+01	4.2665520e-01	END	END
-2.9000000e+01	4.0196863e-01	-2.9000000e+01	4.0285680e-01	-2.9000000e+01	4.0258962e-01	-2.9000000e+01	4.0251788e-01	-2.9000000e+01	4.0145400e-01	-2.9000000e+01	4.0149030e-01	-2.9000000e+01	4.0136012e-01	-2.9000000e+01	4.0132260e-01	END	END
-2.8000000e+01	3.7725121e-01	-2.8000000e+01	3.7824818e-01	-2.8000000e+01	3.7794495e-01	-2.8000000e+01	3.7786129e-01	-2.8000000e+01	3.7661803e-01	-2.8000000e+01	3.7666523e-01	-2.8000000e+01	3.7651101e-01	-2.8000000e+01	3.7646651e-01	END	END
-2.7000000e+01	3.5306481e-01	-2.7000000e+01	3.5418975e-01	-2.7000000e+01	3.5384369e-01	-2.7000000e+01	3.5374549e-01	-2.7000000e+01	3.5228032e-01	-2.7000000e+01	3.5234198e-01	-2.7000000e+01	3.5215750e-01	-2.7000000e+01	3.5210425e-01	END	END
-2.6000000e+01	3.2943389e-01	-2.6000000e+01	3.3071047e-01	-2.6000000e+01	3.3031321e-01	-2.6000000e+01	3.3019710e-01	-2.6000000e+01	3.2845417e-01	-2.6000000e+01	3.2853523e-01	-2.6000000e+01	3.2831219e-01	-2.6000000e+01	3.2824779e-01	END	END
-2.5000000e+01	3.0638072e-01	-2.5000000e+01	3.0783847e-01	-2.5000000e+01	3.0737942e-01	-2.5000000e+01	3.0724108e-01	-2.5000000e+01	3.0514613e-01	-2.5000000e+01	3.0525348e-01	-2.5000000e+01	3.0498064e-01	-2.5000000e+01	3.0490178e-01	END	END
-2.4000000e+01	2.8392473e-01	-2.4000000e+01	2.8560084e-01	-2.4000000e+01	2.8506663e-01	-2.4000000e+01	2.8490037e-01	-2.4000000e+01	2.8235292e-01	-2.4000000e+01	2.8249645e-01	-2.4000000e+01	2.8215832e-01	-2.4000000e+01	2.8206047e-01	END	END
-2.3000000e+01	2.6208171e-01	-2.3000000e+01	2.6402369e-01	-2.3000000e+01	2.6339707e-01	-2.3000000e+01	2.6319534e-01	-2.3000000e+01	2.6005736e-01	-2.3000000e+01	2.6025143e-01	-2.3000000e+01	2.5982627e-01	-2.3000000e+01	2.5970304e-01	END	END
-2.2000000e+01	2.4086273e-01	-2.2000000e+01	2.4313174e-01	-2.2000000e+01	2.4239029e-01	-2.2000000e+01	2.4214289e-01	-2.2000000e+01	2.3822136e-01	-2.2000000e+01	2.3848729e-01	-2.2000000e+01	2.3794410e-01	-2.2000000e+01	2.3778641e-01	END	END
-2.1000000e+01	2.2027233e-01	-2.1000000e+01	2.2294839e-01	-2.1000000e+01	2.2206248e-01	-2.1000000e+01	2.2175545e-01	-2.1000000e+01	2.1677566e-01	-2.1000000e+01	2.1714558e-01	-2.1000000e+01	2.1643941e-01	-2.1000000e+01	2.1623406e-01	END	END
-2.0000000e+01	2.0030634e-01	-2.0000000e+01	2.0349523e-01	-2.0000000e+01	2.0242521e-01	-2.0000000e+01	2.0203914e-01	-2.0000000e+01	1.9560340e-01	-2.0000000e+01	1.9612654e-01	-2.0000000e+01	1.9519144e-01	-2.0000000e+01	1.9491903e-01	END	END
-1.9000000e+01	1.8094827e-01	-1.9000000e+01	1.8479185e-01	-1.9000000e+01	1.8348379e-01	-1.9000000e+01	1.8299113e-01	-1.9000000e+01	1.7451608e-01	-1.9000000e+01	1.7526840e-01	-1.9000000e+01	1.7400715e-01	-1.9000000e+01	1.7363919e-01	END	END
-1.8000000e+01	1.6216460e-01	-1.8000000e+01	1.6685523e-01	-1.8000000e+01	1.6523458e-01	-1.8000000e+01	1.6459554e-01	-1.8000000e+01	1.5322153e-01	-1.8000000e+01	1.5431955e-01	-1.8000000e+01	1.5259095e-01	-1.8000000e+01	1.5208642e-01	END	END
-1.7000000e+01	1.4389807e-01	-1.7000000e+01	1.4969915e-01	-1.7000000e+01	1.4766102e-01	-1.7000000e+01	1.4681719e-01	-1.7000000e+01	1.3129818e-01	-1.7000000e+01	1.3291273e-01	-1.7000000e+01	1.3052410e-01	-1.7000000e+01	1.2982833e-01	END	END
-1.6000000e+01	1.2605993e-01	-1.6000000e+01	1.3333309e-01	-1.6000000e+01	1.3072762e-01	-1.6000000e+01	1.2959188e-01	-1.6000000e+01	1.0823929e-01	-1.6000000e+01	1.1058741e-01	-1.6000000e+01	1.0732219e-01	-1.6000000e+01	1.0637800e-01	END	END
-1.5000000e+01	1.0852459e-01	-1.5000000e+01	1.1776085e-01	-1.5000000e+01	1.1437126e-01	-1.5000000e+01	1.1281292e-01	-1.5000000e+01	8.3765216e-02	-1.5000000e+01	8.7009355e-02	-1.5000000e+01	8.2770765e-02	-1.5000000e+01	8.1566654e-02	END	END
-1.4000000e+01	9.1139771e-02	-1.4000000e+01	1.0297859e-01	-1.4000000e+01	9.8489992e-02	-1.4000000e+01	9.6315928e-02	-1.4000000e+01	5.8753200e-02	-1.4000000e+01	6.2692828e-02	-1.4000000e+01	5.7858605e-02	-1.4000000e+01	5.6533184e-02	END	END
-1.3000000e+01	7.3791116e-02	-1.3000000e+01	8.8972189e-02	-1.3000000e+01	8.2935445e-02	-1.3000000e+01	7.9879008e-02	-1.3000000e+01	3.6482964e-02	-1.3000000e+01	4.0202405e-02	-1.3000000e+01	3.5911817e-02	-1.3000000e+01	3.4802664e-02	END	END
-1.2000000e+01	5.6605101e-02	-1.2000000e+01	7.5714603e-02	-1.2000000e+01	6.7534171e-02	-1.2000000e+01	6.3302919e-02	-1.2000000e+01	2.1483483e-02	-1.2000000e+01	2.3851911e-02	-1.2000000e+01	2.1273544e-02	-1.2000000e+01	2.0658121e-02	END	END
-1.1000000e+01	4.0368430e-02	-1.1000000e+01	6.3165992e-02	-1.1000000e+01	5.2221395e-02	-1.1000000e+01	4.6745688e-02	-1.1000000e+01	1.4816672e-02	-1.1000000e+01	1.5713947e-02	-1.1000000e+01	1.4786351e-02	-1.1000000e+01	1.4586154e-02	END	END
-1.0000000e+01	2.6863450e-02	-1.0000000e+01	5.1286433e-02	-1.0000000e+01	3.7457366e-02	-1.0000000e+01	3.1474508e-02	-1.0000000e+01	1.3095422e-02	-1.0000000e+01	1.3256908e-02	-1.0000000e+01	1.3097006e-02	-1.0000000e+01	1.3068210e-02	END	END
-9.0000000e+00	1.8037513e-02	-9.0000000e+00	4.0091362e-02	-9.0000000e+00	2.4865184e-02	-9.0000000e+00	2.0152707e-02	-9.0000000e+00	1.2856837e-02	-9.0000000e+00	1.2860319e-02	-9.0000000e+00	1.2856900e-02	-9.0000000e+00	1.2856713e-02	END	END
-8.0000000e+00	1.3994786e-02	-8.0000000e+00	2.9815905e-02	-8.0000000e+00	1.6737740e-02	-8.0000000e+00	1.4489056e-02	-8.0000000e+00	1.2761436e-02	-8.0000000e+00	1.2761436e-02	-8.0000000e+00	1.2761436e-02	-8.0000000e+00	1.2761436e-02	END	END
-7.0000000e+00	1.2808234e-02	-7.0000000e+00	2.1209536e-02	-7.0000000e+00	1.3391593e-02	-7.0000000e+00	1.2843598e-02	-7.0000000e+00	1.2666257e-02	-7.0000000e+00	1.2666257e-02	-7.0000000e+00	1.2666257e-02	-7.0000000e+00	1.2666257e-02	END	END
-6.0000000e+00	1.2573631e-02	-6.0000000e+00	1.5480412e-02	-6.0000000e+00	1.2615781e-02	-6.0000000e+00	1.2572894e-02	-6.0000000e+00	1.2571077e-02	-6.0000000e+00	1.2571077e-02	-6.0000000e+00	1.2571077e-02	-6.0000000e+00	1.2571077e-02	END	END
-5.0000000e+00	1.2475898e-02	-5.0000000e+00	1.2995102e-02	-5.0000000e+00	1.2475925e-02	-5.0000000e+00	1.2475898e-02	-5.0000000e+00	1.2475898e-02	-5.0000000e+00	1.2475898e-02	-5.0000000e+00	1.2475898e-02	-5.0000000e+00	1.2475898e-02	END	END
-4.0000000e+00	6.4889997e-02	-4.0000000e+00	4.8119999e-02	-4.0000000e+00	3.9710000e-02	-4.0000000e+00	3.1800002e-02	-4.0000000e+00	1.6370000e-02	-4.0000000e+00	1.0940000e-02	-4.0000000e+00	9.6800001e-03	-4.0000000e+00	8.8499999e-03	END	END
-3.5000000e+00	5.6880001e-02	-3.5000000e+00	4.2149998e-02	-3.5000000e+00	3.4710001e-02	-3.5000000e+00	2.8689999e-02	-3.5000000e+00	1.4370000e-02	-3.5000000e+00	1.0410000e-02	-3.5000000e+00	9.3499999e-03	-3.5000000e+00	8.5199997e-03	END	END
-3.0000000e+00	5.0940000e-02	-3.0000000e+00	3.8309999e-02	-3.0000000e+00	3.1450000e-02	-3.0000000e+00	2.6040001e-02	-3.0000000e+00	1.3430000e-02	-3.0000000e+00	1.0010000e-02	-3.0000000e+00	8.8400003e-03	-3.0000000e+00	8.2799997e-03	END	END
-2.5000000e+00	4.6429999e-02	-2.5000000e+00	3.5259999e-02	-2.5000000e+00	2.9549999e-02	-2.5000000e+00	2.4890000e-02	-2.5000000e+00	1.2670000e-02	-2.5000000e+00	9.5499996e-03	-2.5000000e+00	8.5699996e-03	-2.5000000e+00	8.0899997e-03	END	END
-2.0000000e+00	4.2479999e-02	-2.0000000e+00	3.3119999e-02	-2.0000000e+00	2.7860001e-02	-2.0000000e+00	2.3140000e-02	-2.0000000e+00	1.1330000e-02	-2.0000000e+00	9.1800001e-03	-2.0000000e+00	8.3699999e-03	-2.0000000e+00	7.8800004e-03	END	END
-1.5000000e+00	3.8780000e-02	-1.5000000e+00	3.1660002e-02	-1.5000000e+00	2.5990000e-02	-1.5000000e+00	2.0870000e-02	-1.5000000e+00	1.0600000e-02	-1.5000000e+00	8.5000005e-03	-1.5000000e+00	8.0100000e-03	-1.5000000e+00	7.7000000e-03	END	END
-1.0000000e+00	3.3340000e-02	-1.0000000e+00	2.9880000e-02	-1.0000000e+00	2.3879999e-02	-1.0000000e+00	1.9450000e-02	-1.0000000e+00	9.4900001e-03	-1.0000000e+00	8.1200004e-03	-1.0000000e+00	7.4900002e-03	-1.0000000e+00	7.2699999e-03	END	END
-5.0000000e-01	3.4340002e-02	-5.0000000e-01	2.7559999e-02	-5.0000000e-01	2.4370000e-02	-5.0000000e-01	1.9050000e-02	-5.0000000e-01	8.9499997e-03	-5.0000000e-01	7.5200000e-03	-5.0000000e-01	7.1999999e-03	-5.0000000e-01	6.8799998e-03	END	END
0.0000000e+00	3.5560001e-02	0.0000000e+00	2.9039999e-02	0.0000000e+00	2.4560001e-02	0.0000000e+00	1.8910000e-02	0.0000000e+00	8.9100003e-03	0.0000000e+00	6.7099999e-03	0.0000000e+00	6.6999998e-03	0.0000000e+00	6.6300002e-03	END	END
5.0000000e-01	3.7020002e-02	5.0000000e-01	3.1780001e-02	5.0000000e-01	2.5000000e-02	5.0000000e-01	1.8710000e-02	5.0000000e-01	8.9800004e-03	5.0000000e-01	6.5899999e-03	5.0000000e-01	6.0200002e-03	5.0000000e-01	6.1100000e-03	END	END
1.0000000e+00	3.8710002e-02	1.0000000e+00	3.4550000e-02	1.0000000e+00	2.5210001e-02	1.0000000e+00	1.8500000e-02	1.0000000e+00	9.0800002e-03	1.0000000e+00	6.7400001e-03	1.0000000e+00	5.8400002e-03	1.0000000e+00	5.5200001e-03	END	END
1.5000000e+00	4.0660001e-02	1.5000000e+00	3.6449999e-02	1.5000000e+00	2.5180001e-02	1.5000000e+00	1.8209999e-02	1.5000000e+00	9.2099998e-03	1.5000000e+00	6.8999999e-03	1.5000000e+00	6.0500000e-03	1.5000000e+00	5.5600000e-03	END	END
2.0000000e+00	4.2909998e-02	2.0000000e+00	3.8240001e-02	2.0000000e+00	2.4820000e-02	2.0000000e+00	1.7920000e-02	2.0000000e+00	9.3799997e-03	2.0000000e+00	7.0900000e-03	2.0000000e+00	6.2699998e-03	2.0000000e+00	5.8400002e-03	END	END
2.5000000e+00	4.5490000e-02	2.5000000e+00	3.9880000e-02	2.5000000e+00	2.4150001e-02	2.5000000e+00	1.7640000e-02	2.5000000e+00	9.5899999e-03	2.5000000e+00	7.3099998e-03	2.5000000e+00	6.5400000e-03	2.5000000e+00	6.1100000e-03	END	END
3.0000000e+00	4.8409998e-02	3.0000000e+00	4.1359998e-02	3.0000000e+00	2.3340000e-02	3.0000000e+00	1.7250000e-02	3.0000000e+00	9.8099997e-03	3.0000000e+00	7.6100002e-03	3.0000000e+00	6.8399999e-03	3.0000000e+00	6.4699999e-03	END	END
3.5000000e+00	5.1679999e-02	3.5000000e+00	4.2479999e-02	3.5000000e+00	2.3110000e-02	3.5000000e+00	1.7309999e-02	3.5000000e+00	1.0100000e-02	3.5000000e+00	7.9800002e-03	3.5000000e+00	7.3099998e-03	3.5000000e+00	7.0900000e-03	END	END
4.0000000e+00	5.5259999e-02	4.0000000e+00	4.3779999e-02	4.0000000e+00	2.2290001e-02	4.0000000e+00	1.7370000e-02	4.0000000e+00	1.0490000e-02	4.0000000e+00	8.5100001e-03	4.0000000e+00	7.9300003e-03	4.0000000e+00	7.5800000e-03	END	END
4.5000000e+00	5.9090000e-02	4.5000000e+00	4.6030000e-02	4.5000000e+00	2.2420000e-02	4.5000000e+00	1.7550001e-02	4.5000000e+00	1.1020000e-02	4.5000000e+00	9.1399997e-03	4.5000000e+00	8.4699998e-03	4.5000000e+00	7.9800002e-03	END	END
5.0000000e+00	6.3110001e-02	5.0000000e+00	4.7529999e-02	5.0000000e+00	2.2770001e-02	5.0000000e+00	1.8010000e-02	5.0000000e+00	1.1700000e-02	5.0000000e+00	9.7500002e-03	5.0000000e+00	8.8999998e-03	5.0000000e+00	8.3400002e-03	END	END
5.5000000e+00	6.7309998e-02	5.5000000e+00	4.9980000e-02	5.5000000e+00	2.3159999e-02	5.5000000e+00	1.8619999e-02	5.5000000e+00	1.2410000e-02	5.5000000e+00	1.0290000e-02	5.5000000e+00	9.3299998e-03	6.0000000e+00	9.0500005e-03	END	END
6.0000000e+00	7.1680002e-02	6.0000000e+00	5.4910000e-02	6.0000000e+00	2.4040001e-02	6.0000000e+00	1.9440001e-02	6.0000000e+00	1.3080000e-02	6.0000000e+00	1.0780000e-02	6.0000000e+00	9.7300000e-03	6.5000000e+00	9.4799995e-03	END	END
6.5000000e+00	7.6219998e-02	6.5000000e+00	5.8759999e-02	6.5000000e+00	2.4669999e-02	6.5000000e+00	2.0150000e-02	6.5000000e+00	1.3790000e-02	6.5000000e+00	1.1290000e-02	6.5000000e+00	1.0170000e-02	7.0000000e+00	9.9499999e-03	END	END
7.0000000e+00	8.0969997e-02	7.0000000e+00	6.2080000e-02	7.0000000e+00	2.5400000e-02	7.0000000e+00	2.0959999e-02	7.0000000e+00	1.4500000e-02	7.0000000e+00	1.1810000e-02	7.0000000e+00	1.0630000e-02	7.5000000e+00	1.0690000e-02	END	END
7.5000000e+00	8.5929997e-02	7.5000000e+00	6.3249998e-02	7.5000000e+00	2.6200000e-02	7.5000000e+00	2.1940000e-02	7.5000000e+00	1.5230000e-02	7.5000000e+00	1.2340000e-02	7.5000000e+00	1.1150000e-02	8.0000000e+00	1.1950000e-02	END	END
8.5000000e+00	9.6600004e-02	8.0000000e+00	7.0510000e-02	8.0000000e+00	2.7310001e-02	8.0000000e+00	2.2960000e-02	8.0000000e+00	1.6000001e-02	8.0000000e+00	1.2980000e-02	8.0000000e+00	1.2170000e-02	8.5000000e+00	1.3040000e-02	END	END
9.0000000e+00	1.0234000e-01	8.5000000e+00	7.5190000e-02	8.5000000e+00	2.8370000e-02	8.5000000e+00	2.4040001e-02	8.5000000e+00	1.6690001e-02	8.5000000e+00	1.3930000e-02	8.5000000e+00	1.3510000e-02	9.0000000e+00	1.3900000e-02	END	END
9.5000000e+00	1.0839000e-01	9.0000000e+00	5.0730001e-02	9.0000000e+00	2.9549999e-02	9.0000000e+00	2.5300000e-02	9.0000000e+00	1.7490000e-02	9.0000000e+00	1.5450000e-02	9.0000000e+00	1.4600000e-02	9.5000000e+00	1.5160000e-02	END	END
1.0500000e+01	1.2984000e-01	9.5000000e+00	5.0439999e-02	9.5000000e+00	3.1220000e-02	9.5000000e+00	2.6480000e-02	9.5000000e+00	1.8630000e-02	9.5000000e+00	1.6780000e-02	9.5000000e+00	1.5570000e-02	1.0000000e+01	1.7080000e-02	END	END
1.1000000e+01	1.3700999e-01	1.0000000e+01	5.1970001e-02	1.0000000e+01	3.2970000e-02	1.0000000e+01	2.7729999e-02	1.0000000e+01	2.0420000e-02	1.0000000e+01	1.8010000e-02	1.0000000e+01	1.7150000e-02	1.0500000e+01	1.8300001e-02	END	END
1.2000000e+01	1.5670000e-01	1.0500000e+01	5.9880000e-02	1.0500000e+01	3.4740001e-02	1.0500000e+01	2.9279999e-02	1.0500000e+01	2.2369999e-02	1.0500000e+01	1.9500000e-02	1.0500000e+01	1.9190000e-02	1.1000000e+01	1.9680001e-02	END	END
1.2500000e+01	1.6087000e-01	1.7500000e+01	2.2510000e-01	1.1000000e+01	3.6359999e-02	1.1000000e+01	3.1360000e-02	1.1000000e+01	2.4329999e-02	1.1000000e+01	2.2290001e-02	1.1000000e+01	2.0819999e-02	1.1500000e+01	2.1140000e-02	END	END
1.3000000e+01	1.3979000e-01	1.8000000e+01	2.3514000e-01	1.1500000e+01	3.8419999e-02	1.1500000e+01	3.3840001e-02	1.1500000e+01	2.6440000e-02	1.1500000e+01	2.4350001e-02	1.1500000e+01	2.2830000e-02	1.2000000e+01	2.2940001e-02	END	END
1.3500000e+01	1.4665000e-01	1.8500000e+01	2.3818000e-01	1.2000000e+01	4.0870000e-02	1.2000000e+01	3.6729999e-02	1.2000000e+01	2.9360000e-02	1.2000000e+01	2.6839999e-02	1.2000000e+01	2.5149999e-02	1.2500000e+01	2.5160000e-02	END	END
1.4000000e+01	1.4926000e-01	1.9000000e+01	2.4933000e-01	1.2500000e+01	4.3970000e-02	1.2500000e+01	4.0199999e-02	1.3000000e+01	3.8300000e-02	1.2500000e+01	2.9990001e-02	1.2500000e+01	2.7580000e-02	1.3000000e+01	2.8330000e-02	END	END
1.4500000e+01	1.5272000e-01	1.9500000e+01	2.0682000e-01	1.3000000e+01	4.8099998e-02	1.3000000e+01	4.4790000e-02	1.3500000e+01	4.3609999e-02	1.3000000e+01	3.4030002e-02	1.3000000e+01	3.0530000e-02	1.3500000e+01	3.2960001e-02	END	END
1.5000000e+01	1.9653000e-01	2.0000000e+01	2.6075000e-01	1.3500000e+01	5.4049999e-02	1.3500000e+01	5.1290002e-02	1.4000000e+01	5.0060000e-02	1.3500000e+01	3.9329998e-02	1.3500000e+01	3.4109998e-02	1.4000000e+01	3.6339998e-02	END	END
1.5500000e+01	2.0281000e-01	2.1000000e+01	2.0722371e-01	1.4000000e+01	6.1859999e-02	1.4000000e+01	5.9340000e-02	1.4500000e+01	5.7799999e-02	1.4000000e+01	4.6300001e-02	1.4000000e+01	3.8530000e-02	1.4500000e+01	4.0460002e-02	END	END
1.6000000e+01	2.1020000e-01	2.2000000e+01	2.2905684e-01	1.4500000e+01	6.9430001e-02	1.4500000e+01	6.6900000e-02	1.5000000e+01	6.6459998e-02	1.4500000e+01	5.3720001e-02	1.4500000e+01	4.4220001e-02	1.5000000e+01	4.5440000e-02	END	END
1.6500000e+01	2.2066000e-01	2.3000000e+01	2.5163138e-01	1.5000000e+01	7.8879997e-02	1.5000000e+01	7.4010000e-02	1.5500000e+01	7.4759997e-02	1.5000000e+01	5.9859999e-02	1.5000000e+01	5.1879998e-02	1.5500000e+01	5.1369999e-02	END	END
1.7000000e+01	2.2594000e-01	2.4000000e+01	2.7491435e-01	1.5500000e+01	8.8990003e-02	1.5500000e+01	8.0440000e-02	1.6000000e+01	8.2500003e-02	1.5500000e+01	6.7230001e-02	1.5500000e+01	6.1850000e-02	1.6000000e+01	5.8460001e-02	END	END
1.8000000e+01	2.4135000e-01	2.5000000e+01	2.9887524e-01	1.6000000e+01	1.0093000e-01	1.6000000e+01	8.9060001e-02	1.6500000e+01	9.0520002e-02	1.6000000e+01	7.5640000e-02	1.6000000e+01	7.1640000e-02	1.6500000e+01	6.6689998e-02	END	END
1.8500000e+01	2.5397000e-01	2.6000000e+01	3.2348505e-01	1.6500000e+01	1.3127001e-01	1.6500000e+01	9.8169997e-02	1.7000000e+01	9.8860003e-02	1.6500000e+01	8.4720001e-02	1.6500000e+01	7.9970002e-02	1.7000000e+01	7.6010004e-02	END	END
1.9000000e+01	2.5847000e-01	2.7000000e+01	3.4871557e-01	1.7000000e+01	1.7177001e-01	1.7000000e+01	1.0678000e-01	1.7500000e+01	1.0784000e-01	1.7000000e+01	9.4190001e-02	1.7000000e+01	8.9160003e-02	1.7500000e+01	8.6319998e-02	END	END
1.9500000e+01	2.6242000e-01	2.8000000e+01	3.7453881e-01	1.7500000e+01	1.8950000e-01	1.7500000e+01	1.1724000e-01	1.8000000e+01	1.1786000e-01	1.7500000e+01	1.0401000e-01	1.7500000e+01	9.8920003e-02	1.8000000e+01	9.7379997e-02	END	END
2.0000000e+01	2.7145001e-01	2.9000000e+01	4.0092668e-01	1.8000000e+01	2.1680000e-01	1.8500000e+01	2.0923001e-01	1.8500000e+01	1.2892000e-01	1.8000000e+01	1.1410000e-01	1.8000000e+01	1.0905000e-01	1.8500000e+01	1.0887000e-01	END	END
2.1000000e+01	2.2365563e-01	3.0000000e+01	4.2785069e-01	1.9000000e+01	2.4737000e-01	1.9500000e+01	2.4357000e-01	1.9000000e+01	1.4126000e-01	1.8500000e+01	1.2426000e-01	1.8500000e+01	1.1933000e-01	1.9000000e+01	1.2054000e-01	END	END
2.2000000e+01	2.4477929e-01	3.1000000e+01	4.5528191e-01	1.9500000e+01	2.5314999e-01	2.0000000e+01	1.6494022e-01	1.9500000e+01	1.5583999e-01	1.9000000e+01	1.3474000e-01	1.9000000e+01	1.2978999e-01	1.9500000e+01	1.3197000e-01	END	END
2.3000000e+01	2.6664096e-01	3.2000000e+01	4.8319072e-01	2.0000000e+01	1.6273823e-01	2.1000000e+01	1.8494245e-01	2.0000000e+01	1.7489000e-01	1.9500000e+01	1.4535999e-01	1.9500000e+01	1.4038000e-01	2.0000000e+01	1.4305000e-01	END	END
2.4000000e+01	2.8922021e-01	3.3000000e+01	5.1154685e-01	2.1000000e+01	1.8292515e-01	2.2000000e+01	2.0594698e-01	2.1000000e+01	1.6208637e-01	2.0000000e+01	1.5617000e-01	2.0000000e+01	1.5093000e-01	2.1000000e+01	1.5000087e-01	END	END
2.5000000e+01	3.1249520e-01	3.4000000e+01	5.4031932e-01	2.2000000e+01	2.0412472e-01	2.3000000e+01	2.2789691e-01	2.2000000e+01	1.8289624e-01	2.1000000e+01	1.6281782e-01	2.1000000e+01	1.6293943e-01	2.2000000e+01	1.7150982e-01	END	END
2.6000000e+01	3.3644244e-01	3.5000000e+01	5.6947643e-01	2.3000000e+01	2.2627418e-01	2.4000000e+01	2.5073773e-01	2.3000000e+01	2.0482081e-01	2.2000000e+01	1.8481874e-01	2.2000000e+01	1.8533888e-01	2.3000000e+01	1.9424734e-01	END	END
2.7000000e+01	3.6103711e-01	3.6000000e+01	5.9898591e-01	2.4000000e+01	2.4931434e-01	2.5000000e+01	2.7441734e-01	2.4000000e+01	2.2778191e-01	2.3000000e+01	2.0789599e-01	2.3000000e+01	2.0879257e-01	2.4000000e+01	2.1809648e-01	END	END
2.8000000e+01	3.8625312e-01	3.7000000e+01	6.2881470e-01	2.5000000e+01	2.7318949e-01	2.6000000e+01	2.9888612e-01	2.5000000e+01	2.5170457e-01	2.4000000e+01	2.3194622e-01	2.4000000e+01	2.3318872e-01	2.5000000e+01	2.4294862e-01	END	END
2.9000000e+01	4.1206306e-01	3.8000000e+01	6.5892917e-01	2.6000000e+01	2.9784715e-01	2.7000000e+01	3.2409653e-01	2.6000000e+01	2.7651772e-01	2.5000000e+01	2.5687703e-01	2.5000000e+01	2.5843003e-01	2.6000000e+01	2.6870474e-01	END	END
3.0000000e+01	4.3843853e-01	3.9000000e+01	6.8929517e-01	2.7000000e+01	3.2323790e-01	2.8000000e+01	3.5000300e-01	2.7000000e+01	3.0215436e-01	2.6000000e+01	2.8260663e-01	2.6000000e+01	2.8443253e-01	2.7000000e+01	2.9527563e-01	END	END
3.1000000e+01	4.6534994e-01	4.0000000e+01	7.1987802e-01	2.8000000e+01	3.4931481e-01	2.9000000e+01	3.7656167e-01	2.8000000e+01	3.2855168e-01	2.7000000e+01	3.0906275e-01	2.7000000e+01	3.1112376e-01	2.8000000e+01	3.2258138e-01	END	END
3.2000000e+01	4.9276683e-01	4.1000000e+01	7.5064254e-01	2.9000000e+01	3.7603316e-01	3.0000000e+01	4.0372998e-01	2.9000000e+01	3.5565063e-01	2.8000000e+01	3.3618137e-01	2.8000000e+01	3.3844110e-01	2.9000000e+01	3.5055059e-01	END	END
3.3000000e+01	5.2065778e-01	4.2000000e+01	7.8155309e-01	3.0000000e+01	4.0335003e-01	3.1000000e+01	4.3146664e-01	3.0000000e+01	3.8339576e-01	2.9000000e+01	3.6390549e-01	2.9000000e+01	3.6632970e-01	3.0000000e+01	3.7911925e-01	END	END
3.4000000e+01	5.4899067e-01	4.3000000e+01	8.1257373e-01	3.1000000e+01	4.3122396e-01	3.2000000e+01	4.5973128e-01	3.1000000e+01	4.1173473e-01	3.0000000e+01	3.9218381e-01	3.0000000e+01	3.9474109e-01	3.1000000e+01	4.0822962e-01	END	END
3.5000000e+01	5.7773238e-01	4.4000000e+01	8.4366822e-01	3.2000000e+01	4.5961472e-01	3.3000000e+01	4.8848420e-01	3.2000000e+01	4.4061795e-01	3.1000000e+01	4.2096952e-01	3.1000000e+01	4.2363140e-01	3.2000000e+01	4.3782917e-01	END	END
3.6000000e+01	6.0684943e-01	4.5000000e+01	8.7479997e-01	3.3000000e+01	4.8848292e-01	3.4000000e+01	5.1768637e-01	3.3000000e+01	4.6999812e-01	3.2000000e+01	4.5021939e-01	3.2000000e+01	4.5296055e-01	3.3000000e+01	4.6786967e-01	END	END
3.7000000e+01	6.3630730e-01	4.6000000e+01	9.0593231e-01	3.4000000e+01	5.1778996e-01	3.5000000e+01	5.4729915e-01	3.4000000e+01	4.9982989e-01	3.3000000e+01	4.7989291e-01	3.3000000e+01	4.8269099e-01	3.4000000e+01	4.9830619e-01	END	END
3.8000000e+01	6.6607130e-01	4.7000000e+01	9.3702829e-01	3.5000000e+01	5.4749769e-01	3.6000000e+01	5.7728422e-01	3.5000000e+01	5.3006959e-01	3.4000000e+01	5.0995159e-01	3.4000000e+01	5.1278704e-01	3.5000000e+01	5.2909654e-01	END	END
3.9000000e+01	6.9610584e-01	4.8000000e+01	9.6805102e-01	3.6000000e+01	5.7756829e-01	3.7000000e+01	6.0760343e-01	3.6000000e+01	5.6067479e-01	3.5000000e+01	5.4035848e-01	3.5000000e+01	5.4321432e-01	3.6000000e+01	5.6020063e-01	END	END
4.0000000e+01	7.2637522e-01	4.9000000e+01	9.9896342e-01	3.7000000e+01	6.0796428e-01	3.8000000e+01	6.3821888e-01	3.7000000e+01	5.9160429e-01	3.6000000e+01	5.7107759e-01	3.6000000e+01	5.7393914e-01	3.7000000e+01	5.9157974e-01	END	END
4.1000000e+01	7.5684303e-01	5.0000000e+01	1.0297285e+00	3.8000000e+01	6.3864827e-01	3.9000000e+01	6.6909266e-01	3.8000000e+01	6.2281758e-01	3.7000000e+01	6.0207355e-01	3.7000000e+01	6.0492849e-01	3.8000000e+01	6.2319642e-01	END	END
4.2000000e+01	7.8747267e-01	5.1000000e+01	1.0603095e+00	3.9000000e+01	6.6958290e-01	4.0000000e+01	7.0018697e-01	3.9000000e+01	6.5427488e-01	3.8000000e+01	6.3331163e-01	3.8000000e+01	6.3614929e-01	3.9000000e+01	6.5501404e-01	END	END
4.3000000e+01	8.1822723e-01	5.2000000e+01	1.0906694e+00	4.0000000e+01	7.0073104e-01	4.1000000e+01	7.3146397e-01	4.0000000e+01	6.8593711e-01	3.9000000e+01	6.6475713e-01	3.9000000e+01	6.6756862e-01	4.0000000e+01	6.8699652e-01	END	END
4.4000000e+01	8.4906954e-01	5.3000000e+01	1.1207716e+00	4.1000000e+01	7.3205525e-01	4.2000000e+01	7.6288587e-01	4.1000000e+01	7.1776539e-01	4.0000000e+01	6.9637555e-01	4.0000000e+01	6.9915336e-01	4.1000000e+01	7.1910822e-01	END	END
4.5000000e+01	8.7996209e-01	5.4000000e+01	1.1505798e+00	4.2000000e+01	7.6351839e-01	4.3000000e+01	7.9441488e-01	4.2000000e+01	7.4972129e-01	4.1000000e+01	7.2813231e-01	4.1000000e+01	7.3087025e-01	4.2000000e+01	7.5131363e-01	END	END
4.6000000e+01	9.1086745e-01	5.5000000e+01	1.1800579e+00	4.3000000e+01	7.9508311e-01	4.4000000e+01	8.2601321e-01	4.3000000e+01	7.8176671e-01	4.2000000e+01	7.5999278e-01	4.2000000e+01	7.6268578e-01	4.3000000e+01	7.8357744e-01	END	END
4.7000000e+01	9.4174802e-01	5.6000000e+01	1.2091699e+00	4.4000000e+01	8.2671201e-01	4.5000000e+01	8.5764295e-01	4.4000000e+01	8.1386358e-01	4.3000000e+01	7.9192215e-01	4.3000000e+01	7.9456604e-01	4.4000000e+01	8.1586438e-01	END	END
4.8000000e+01	9.7256601e-01	5.7000000e+01	1.2378805e+00	4.5000000e+01	8.5836780e-01	4.6000000e+01	8.8926643e-01	4.5000000e+01	8.4597421e-01	4.4000000e+01	8.2388550e-01	4.4000000e+01	8.2647699e-01	4.5000000e+01	8.4813923e-01	END	END
4.9000000e+01	1.0032839e+00	5.8000000e+01	1.2661546e+00	4.6000000e+01	8.9001298e-01	4.7000000e+01	9.2084593e-01	4.6000000e+01	8.7806094e-01	4.5000000e+01	8.5584778e-01	4.5000000e+01	8.5838425e-01	4.6000000e+01	8.8036668e-01	END	END
5.0000000e+01	1.0338639e+00	5.9000000e+01	1.2939579e+00	4.7000000e+01	9.2161036e-01	4.8000000e+01	9.5234370e-01	4.7000000e+01	9.1008633e-01	4.6000000e+01	8.8777369e-01	4.6000000e+01	8.9025325e-01	4.7000000e+01	9.1251153e-01	END	END
5.1000000e+01	1.0642688e+00	6.0000000e+01	1.3212564e+00	4.8000000e+01	9.5312250e-01	4.9000000e+01	9.8372227e-01	4.8000000e+01	9.4201308e-01	4.7000000e+01	9.1962796e-01	4.7000000e+01	9.2204916e-01	4.8000000e+01	9.4453847e-01	END	END
5.2000000e+01	1.0944610e+00	6.1000000e+01	1.3480164e+00	4.9000000e+01	9.8451227e-01	5.0000000e+01	1.0149442e+00	4.9000000e+01	9.7380406e-01	4.8000000e+01	9.5137513e-01	4.8000000e+01	9.5373690e-01	4.9000000e+01	9.7641218e-01	END	END
5.3000000e+01	1.1244036e+00	6.2000000e+01	1.3742054e+00	5.0000000e+01	1.0157425e+00	5.1000000e+01	1.0459723e+00	5.0000000e+01	1.0054224e+00	4.9000000e+01	9.8297971e-01	4.9000000e+01	9.8528153e-01	5.0000000e+01	1.0080975e+00	END	END
5.4000000e+01	1.1540595e+00	6.3000000e+01	1.3997909e+00	5.1000000e+01	1.0467763e+00	5.2000000e+01	1.0767696e+00	5.1000000e+01	1.0368311e+00	5.0000000e+01	1.0144062e+00	5.0000000e+01	1.0166477e+00	5.1000000e+01	1.0395591e+00	END	END
5.5000000e+01	1.1833924e+00	6.4000000e+01	1.4247417e+00	5.2000000e+01	1.0775768e+00	5.3000000e+01	1.1072991e+00	5.2000000e+01	1.0679939e+00	5.1000000e+01	1.0456191e+00	5.1000000e+01	1.0478003e+00	5.2000000e+01	1.0707620e+00	END	END
5.6000000e+01	1.2123659e+00	6.5000000e+01	1.4490271e+00	5.3000000e+01	1.1081073e+00	5.4000000e+01	1.1375245e+00	5.3000000e+01	1.0988743e+00	5.2000000e+01	1.0765830e+00	5.2000000e+01	1.0787041e+00	5.3000000e+01	1.1016712e+00	END	END
5.7000000e+01	1.2409444e+00	6.6000000e+01	1.4726171e+00	5.4000000e+01	1.1383319e+00	5.5000000e+01	1.1674095e+00	5.4000000e+01	1.1294366e+00	5.3000000e+01	1.1072627e+00	5.3000000e+01	1.1093242e+00	5.4000000e+01	1.1322519e+00	END	END
5.8000000e+01	1.2690923e+00	6.7000000e+01	1.4954827e+00	5.5000000e+01	1.1682143e+00	5.6000000e+01	1.1969184e+00	5.5000000e+01	1.1596451e+00	5.4000000e+01	1.1376230e+00	5.4000000e+01	1.1396254e+00	5.5000000e+01	1.1624695e+00	END	END
5.9000000e+01	1.2967750e+00	6.8000000e+01	1.5175955e+00	5.6000000e+01	1.1977192e+00	5.7000000e+01	1.2260158e+00	5.6000000e+01	1.1894643e+00	5.5000000e+01	1.1676290e+00	5.5000000e+01	1.1695731e+00	5.6000000e+01	1.1922898e+00	END	END
6.0000000e+01	1.3239582e+00	6.9000000e+01	1.5389285e+00	5.7000000e+01	1.2268111e+00	5.8000000e+01	1.2546668e+00	5.7000000e+01	1.2188597e+00	5.6000000e+01	1.1972461e+00	5.6000000e+01	1.1991326e+00	5.7000000e+01	1.2216787e+00	END	END
6.1000000e+01	1.3506080e+00	7.0000000e+01	1.5594552e+00	5.8000000e+01	1.2554553e+00	5.9000000e+01	1.2828370e+00	5.8000000e+01	1.2477965e+00	5.7000000e+01	1.2264401e+00	5.7000000e+01	1.2282699e+00	5.8000000e+01	1.2506028e+00	END	END
6.2000000e+01	1.3766915e+00	7.1000000e+01	1.5791501e+00	5.9000000e+01	1.2836176e+00	6.0000000e+01	1.3104925e+00	5.9000000e+01	1.2762411e+00	5.8000000e+01	1.2551768e+00	5.8000000e+01	1.2569511e+00	5.9000000e+01	1.2790288e+00	END	END
6.3000000e+01	1.4021761e+00	7.2000000e+01	1.5979888e+00	6.0000000e+01	1.3112642e+00	6.1000000e+01	1.3376001e+00	6.0000000e+01	1.3041599e+00	5.9000000e+01	1.2834229e+00	5.9000000e+01	1.2851427e+00	6.0000000e+01	1.3069239e+00	END	END
6.4000000e+01	1.4270304e+00	7.3000000e+01	1.6159483e+00	6.1000000e+01	1.3383620e+00	6.2000000e+01	1.3641269e+00	6.1000000e+01	1.3315201e+00	6.0000000e+01	1.3111454e+00	6.0000000e+01	1.3128116e+00	6.1000000e+01	1.3342558e+00	END	END
6.5000000e+01	1.4512233e+00	7.4000000e+01	1.6330062e+00	6.2000000e+01	1.3648783e+00	6.3000000e+01	1.3900412e+00	6.2000000e+01	1.3582896e+00	6.1000000e+01	1.3383116e+00	6.1000000e+01	1.3399255e+00	6.2000000e+01	1.3609930e+00	END	END
6.6000000e+01	1.4747247e+00	7.5000000e+01	1.6491412e+00	6.3000000e+01	1.3907814e+00	6.4000000e+01	1.4153116e+00	6.3000000e+01	1.3844367e+00	6.2000000e+01	1.3648896e+00	6.2000000e+01	1.3664525e+00	6.3000000e+01	1.3871045e+00	END	END
6.7000000e+01	1.4975054e+00	7.6000000e+01	1.6643335e+00	6.4000000e+01	1.4160399e+00	6.5000000e+01	1.4399076e+00	6.4000000e+01	1.4099307e+00	6.3000000e+01	1.3908483e+00	6.3000000e+01	1.3923610e+00	6.4000000e+01	1.4125597e+00	END	END
6.8000000e+01	1.5195369e+00	7.7000000e+01	1.6785642e+00	6.5000000e+01	1.4406236e+00	6.6000000e+01	1.4637994e+00	6.5000000e+01	1.4347414e+00	6.4000000e+01	1.4161566e+00	6.4000000e+01	1.4176207e+00	6.5000000e+01	1.4373291e+00	END	END
6.9000000e+01	1.5407919e+00	7.8000000e+01	1.6918156e+00	6.6000000e+01	1.4645027e+00	6.7000000e+01	1.4869581e+00	6.6000000e+01	1.4588393e+00	6.5000000e+01	1.4407848e+00	6.5000000e+01	1.4422013e+00	6.6000000e+01	1.4613835e+00	END	END
7.0000000e+01	1.5612435e+00	7.9000000e+01	1.7040714e+00	6.7000000e+01	1.4876485e+00	6.8000000e+01	1.5093560e+00	6.7000000e+01	1.4821961e+00	6.6000000e+01	1.4647037e+00	6.6000000e+01	1.4660738e+00	6.7000000e+01	1.4846947e+00	END	END
7.1000000e+01	1.5808667e+00	8.0000000e+01	1.7153163e+00	6.8000000e+01	1.5100328e+00	6.9000000e+01	1.5309656e+00	6.8000000e+01	1.5047841e+00	6.7000000e+01	1.4878848e+00	6.7000000e+01	1.4892097e+00	6.8000000e+01	1.5072355e+00	END	END
7.2000000e+01	1.5996367e+00	8.1000000e+01	1.7255363e+00	6.9000000e+01	1.5316287e+00	7.0000000e+01	1.5517609e+00	6.9000000e+01	1.5265764e+00	6.8000000e+01	1.5103004e+00	6.8000000e+01	1.5115812e+00	6.9000000e+01	1.5289794e+00	END	END
7.3000000e+01	1.6175299e+00	8.2000000e+01	1.7347190e+00	7.0000000e+01	1.5524102e+00	7.1000000e+01	1.5717168e+00	7.0000000e+01	1.5475471e+00	6.9000000e+01	1.5319239e+00	6.9000000e+01	1.5331619e+00	7.0000000e+01	1.5499007e+00	END	END
7.4000000e+01	1.6345242e+00	8.3000000e+01	1.7428528e+00	7.1000000e+01	1.5723521e+00	7.2000000e+01	1.5908089e+00	7.1000000e+01	1.5676715e+00	7.0000000e+01	1.5527294e+00	7.0000000e+01	1.5539258e+00	7.1000000e+01	1.5699745e+00	END	END
7.5000000e+01	1.6505983e+00	8.4000000e+01	1.7499278e+00	7.2000000e+01	1.5914299e+00	7.3000000e+01	1.6090142e+00	7.2000000e+01	1.5869257e+00	7.1000000e+01	1.5726922e+00	7.1000000e+01	1.5738480e+00	7.2000000e+01	1.5891776e+00	END	END
7.6000000e+01	1.6657319e+00	8.5000000e+01	1.7559351e+00	7.3000000e+01	1.6096210e+00	7.4000000e+01	1.6263106e+00	7.3000000e+01	1.6052867e+00	7.2000000e+01	1.5917883e+00	7.2000000e+01	1.5929047e+00	7.3000000e+01	1.6074870e+00	END	END
7.7000000e+01	1.6799064e+00	8.6000000e+01	1.7608674e+00	7.4000000e+01	1.6269033e+00	7.5000000e+01	1.6426772e+00	7.4000000e+01	1.6227328e+00	7.3000000e+01	1.6099949e+00	7.3000000e+01	1.6110729e+00	7.4000000e+01	1.6248811e+00	END	END
7.8000000e+01	1.6931037e+00	8.7000000e+01	1.7647185e+00	7.5000000e+01	1.6432557e+00	7.6000000e+01	1.6580943e+00	7.5000000e+01	1.6392432e+00	7.4000000e+01	1.6272901e+00	7.4000000e+01	1.6283309e+00	7.5000000e+01	1.6413394e+00	END	END
7.9000000e+01	1.7053075e+00	8.8000000e+01	1.7674839e+00	7.6000000e+01	1.6586584e+00	7.7000000e+01	1.6725429e+00	7.6000000e+01	1.6547985e+00	7.5000000e+01	1.6436533e+00	7.5000000e+01	1.6446580e+00	7.6000000e+01	1.6568426e+00	END	END
8.0000000e+01	1.7165024e+00	8.9000000e+01	1.7691602e+00	7.7000000e+01	1.6730930e+00	7.8000000e+01	1.6860059e+00	7.7000000e+01	1.6693802e+00	7.6000000e+01	1.6590649e+00	7.6000000e+01	1.6600344e+00	7.7000000e+01	1.6713721e+00	END	END
8.1000000e+01	1.7266744e+00	9.0000000e+01	1.7697451e+00	7.8000000e+01	1.6865418e+00	7.9000000e+01	1.6984669e+00	7.8000000e+01	1.6829710e+00	7.7000000e+01	1.6735064e+00	7.7000000e+01	1.6744418e+00	7.8000000e+01	1.6849109e+00	END	END
8.2000000e+01	1.7358109e+00	9.1000000e+01	1.7692385e+00	7.9000000e+01	1.6989887e+00	8.0000000e+01	1.7099109e+00	7.9000000e+01	1.6955549e+00	7.8000000e+01	1.6869605e+00	7.8000000e+01	1.6878629e+00	7.9000000e+01	1.6974431e+00	END	END
8.3000000e+01	1.7439003e+00	9.2000000e+01	1.7676407e+00	8.0000000e+01	1.7104187e+00	8.1000000e+01	1.7203240e+00	8.0000000e+01	1.7071171e+00	7.9000000e+01	1.6994110e+00	7.9000000e+01	1.7002814e+00	8.0000000e+01	1.7089540e+00	END	END
8.4000000e+01	1.7509326e+00	9.3000000e+01	1.7649541e+00	8.1000000e+01	1.7208180e+00	8.2000000e+01	1.7296938e+00	8.1000000e+01	1.7176439e+00	8.0000000e+01	1.7108434e+00	8.0000000e+01	1.7116826e+00	8.1000000e+01	1.7194299e+00	END	END
8.5000000e+01	1.7568988e+00	9.4000000e+01	1.7611820e+00	8.2000000e+01	1.7301742e+00	8.3000000e+01	1.7380091e+00	8.2000000e+01	1.7271230e+00	8.1000000e+01	1.7212437e+00	8.1000000e+01	1.7220527e+00	8.2000000e+01	1.7288586e+00	END	END
8.6000000e+01	1.7617916e+00	9.5000000e+01	1.7563293e+00	8.3000000e+01	1.7384759e+00	8.4000000e+01	1.7452600e+00	8.3000000e+01	1.7355435e+00	8.2000000e+01	1.7305999e+00	8.2000000e+01	1.7313794e+00	8.3000000e+01	1.7372292e+00	END	END
8.7000000e+01	1.7656047e+00	9.6000000e+01	1.7504022e+00	8.4000000e+01	1.7457135e+00	8.5000000e+01	1.7514379e+00	8.4000000e+01	1.7428956e+00	8.3000000e+01	1.7389004e+00	8.3000000e+01	1.7396517e+00	8.4000000e+01	1.7445320e+00	END	END
8.8000000e+01	1.7683334e+00	9.7000000e+01	1.7434082e+00	8.5000000e+01	1.7518781e+00	8.6000000e+01	1.7565355e+00	8.5000000e+01	1.7491708e+00	8.4000000e+01	1.7461360e+00	8.4000000e+01	1.7468596e+00	8.5000000e+01	1.7507586e+00	END	END
8.9000000e+01	1.7699745e+00	9.8000000e+01	1.7353562e+00	8.6000000e+01	1.7569628e+00	8.7000000e+01	1.7605469e+00	8.6000000e+01	1.7543620e+00	8.5000000e+01	1.7522976e+00	8.5000000e+01	1.7529945e+00	8.6000000e+01	1.7559021e+00	END	END
9.0000000e+01	1.7705257e+00	9.9000000e+01	1.7262564e+00	8.7000000e+01	1.7609614e+00	8.8000000e+01	1.7634677e+00	8.7000000e+01	1.7584635e+00	8.6000000e+01	1.7573786e+00	8.6000000e+01	1.7580495e+00	8.7000000e+01	1.7599564e+00	END	END
9.1000000e+01	1.7699864e+00	1.0000000e+02	1.7161202e+00	8.8000000e+01	1.7638694e+00	8.9000000e+01	1.7652943e+00	8.8000000e+01	1.7614708e+00	8.7000000e+01	1.7613727e+00	8.7000000e+01	1.7620187e+00	8.8000000e+01	1.7629173e+00	END	END
9.2000000e+01	1.7683573e+00	1.0100000e+02	1.7049606e+00	8.9000000e+01	1.7656838e+00	9.0000000e+01	1.7660251e+00	8.9000000e+01	1.7633808e+00	8.8000000e+01	1.7642757e+00	8.8000000e+01	1.7648973e+00	8.9000000e+01	1.7647817e+00	END	END
9.3000000e+01	1.7656405e+00	1.0200000e+02	1.6927915e+00	9.0000000e+01	1.7664024e+00	9.1000000e+01	1.7656596e+00	9.0000000e+01	1.7641919e+00	8.9000000e+01	1.7660843e+00	8.9000000e+01	1.7666825e+00	9.0000000e+01	1.7655479e+00	END	END
9.4000000e+01	1.7618394e+00	1.0300000e+02	1.6796283e+00	9.1000000e+01	1.7660249e+00	9.2000000e+01	1.7641987e+00	9.1000000e+01	1.7639035e+00	9.0000000e+01	1.7667969e+00	9.0000000e+01	1.7673723e+00	9.1000000e+01	1.7652156e+00	END	END
9.5000000e+01	1.7569587e+00	1.0400000e+02	1.6654875e+00	9.2000000e+01	1.7645521e+00	9.3000000e+01	1.7616445e+00	9.2000000e+01	1.7625167e+00	9.1000000e+01	1.7664130e+00	9.1000000e+01	1.7669661e+00	9.2000000e+01	1.7637857e+00	END	END
9.6000000e+01	1.7510047e+00	1.0500000e+02	1.6503872e+00	9.3000000e+01	1.7619865e+00	9.4000000e+01	1.7580006e+00	9.3000000e+01	1.7600340e+00	9.2000000e+01	1.7649333e+00	9.2000000e+01	1.7654651e+00	9.3000000e+01	1.7612607e+00	END	END
9.7000000e+01	1.7439849e+00	1.0600000e+02	1.6343460e+00	9.4000000e+01	1.7583313e+00	9.5000000e+01	1.7532721e+00	9.4000000e+01	1.7564589e+00	9.3000000e+01	1.7623603e+00	9.3000000e+01	1.7628715e+00	9.4000000e+01	1.7576443e+00	END	END
9.8000000e+01	1.7359080e+00	1.0700000e+02	1.6173842e+00	9.5000000e+01	1.7535918e+00	9.6000000e+01	1.7474651e+00	9.5000000e+01	1.7517965e+00	9.4000000e+01	1.7586976e+00	9.4000000e+01	1.7591888e+00	9.5000000e+01	1.7529414e+00	END	END
9.9000000e+01	1.7267842e+00	1.0800000e+02	1.5995232e+00	9.6000000e+01	1.7477740e+00	9.7000000e+01	1.7405875e+00	9.6000000e+01	1.7460531e+00	9.5000000e+01	1.7539502e+00	9.5000000e+01	1.7544221e+00	9.6000000e+01	1.7471584e+00	END	END
1.0000000e+02	1.7166250e+00	1.0900000e+02	1.5807854e+00	9.7000000e+01	1.7408857e+00	9.8000000e+01	1.7326480e+00	9.7000000e+01	1.7392366e+00	9.6000000e+01	1.7481246e+00	9.6000000e+01	1.7485776e+00	9.7000000e+01	1.7403032e+00	END	END
1.0100000e+02	1.7054431e+00	1.1000000e+02	1.5611943e+00	9.8000000e+01	1.7329359e+00	9.9000000e+01	1.7236571e+00	9.8000000e+01	1.7313560e+00	9.7000000e+01	1.7412281e+00	9.7000000e+01	1.7416630e+00	9.8000000e+01	1.7323848e+00	END	END
1.0200000e+02	1.6932528e+00	1.1100000e+02	1.5407745e+00	9.9000000e+01	1.7239349e+00	1.0000000e+02	1.7136263e+00	9.9000000e+01	1.7224216e+00	9.8000000e+01	1.7332700e+00	9.8000000e+01	1.7336873e+00	9.9000000e+01	1.7234135e+00	END	END
1.0300000e+02	1.6800691e+00	1.1200000e+02	1.5195514e+00	1.0000000e+02	1.7138941e+00	1.0100000e+02	1.7025685e+00	1.0000000e+02	1.7124454e+00	9.9000000e+01	1.7242606e+00	9.9000000e+01	1.7246609e+00	1.0000000e+02	1.7134011e+00	END	END
1.0400000e+02	1.6659086e+00	1.1300000e+02	1.4975518e+00	1.0100000e+02	1.7028267e+00	1.0200000e+02	1.6904980e+00	1.0100000e+02	1.7014399e+00	1.0000000e+02	1.7142113e+00	1.0000000e+02	1.7145953e+00	1.0100000e+02	1.7023605e+00	END	END
1.0500000e+02	1.6507891e+00	1.1400000e+02	1.4748032e+00	1.0200000e+02	1.6907467e+00	1.0300000e+02	1.6774300e+00	1.0200000e+02	1.6894196e+00	1.0100000e+02	1.7031354e+00	1.0100000e+02	1.7035035e+00	1.0200000e+02	1.6903059e+00	END	END
1.0600000e+02	1.6347297e+00	1.1500000e+02	1.4513340e+00	1.0300000e+02	1.6776695e+00	1.0400000e+02	1.6633813e+00	1.0300000e+02	1.6764002e+00	1.0200000e+02	1.6910468e+00	1.0200000e+02	1.6913996e+00	1.0300000e+02	1.6772530e+00	END	END
1.0700000e+02	1.6177504e+00	1.1600000e+02	1.4271736e+00	1.0400000e+02	1.6636119e+00	1.0500000e+02	1.6483699e+00	1.0400000e+02	1.6623980e+00	1.0300000e+02	1.6779611e+00	1.0300000e+02	1.6782991e+00	1.0400000e+02	1.6632184e+00	END	END
1.0800000e+02	1.5998726e+00	1.1700000e+02	1.4023521e+00	1.0500000e+02	1.6485918e+00	1.0600000e+02	1.6324147e+00	1.0500000e+02	1.6474314e+00	1.0400000e+02	1.6638949e+00	1.0400000e+02	1.6642185e+00	1.0500000e+02	1.6482199e+00	END	END
1.0900000e+02	1.5811186e+00	1.1800000e+02	1.3769007e+00	1.0600000e+02	1.6326281e+00	1.0700000e+02	1.6155360e+00	1.0600000e+02	1.6315191e+00	1.0500000e+02	1.6488662e+00	1.0500000e+02	1.6491760e+00	1.0600000e+02	1.6322770e+00	END	END
1.1000000e+02	1.5615119e+00	1.1900000e+02	1.3508508e+00	1.0700000e+02	1.6157410e+00	1.0800000e+02	1.5977553e+00	1.0700000e+02	1.6146818e+00	1.0600000e+02	1.6328939e+00	1.0600000e+02	1.6331904e+00	1.0700000e+02	1.6154096e+00	END	END
1.1100000e+02	1.5410770e+00	1.2000000e+02	1.3242352e+00	1.0800000e+02	1.5979522e+00	1.0900000e+02	1.5790949e+00	1.0800000e+02	1.5969408e+00	1.0700000e+02	1.6159985e+00	1.0700000e+02	1.6162821e+00	1.0800000e+02	1.5976394e+00	END	END
1.1200000e+02	1.5198395e+00	1.2100000e+02	1.2970870e+00	1.0900000e+02	1.5792840e+00	1.1000000e+02	1.5595785e+00	1.0900000e+02	1.5783186e+00	1.0800000e+02	1.5982013e+00	1.0800000e+02	1.5984725e+00	1.0900000e+02	1.5789889e+00	END	END
1.1300000e+02	1.4978261e+00	1.2200000e+02	1.2694399e+00	1.1000000e+02	1.5597600e+00	1.1100000e+02	1.5392308e+00	1.1000000e+02	1.5588388e+00	1.0900000e+02	1.5795248e+00	1.0900000e+02	1.5797839e+00	1.1000000e+02	1.5594817e+00	END	END
1.1400000e+02	1.4750643e+00	1.2300000e+02	1.2413284e+00	1.1100000e+02	1.5394049e+00	1.1200000e+02	1.5180774e+00	1.1100000e+02	1.5385263e+00	1.1000000e+02	1.5599926e+00	1.1000000e+02	1.5602401e+00	1.1100000e+02	1.5391425e+00	END	END
1.1500000e+02	1.4515823e+00	1.2400000e+02	1.2127874e+00	1.1200000e+02	1.5182443e+00	1.1300000e+02	1.4961449e+00	1.1200000e+02	1.5174067e+00	1.1100000e+02	1.5396293e+00	1.1100000e+02	1.5398657e+00	1.1200000e+02	1.5179969e+00	END	END
1.1600000e+02	1.4274096e+00	1.2500000e+02	1.1838523e+00	1.1300000e+02	1.4963048e+00	1.1400000e+02	1.4734610e+00	1.1300000e+02	1.4955068e+00	1.1200000e+02	1.5184608e+00	1.1200000e+02	1.5186864e+00	1.1300000e+02	1.4960718e+00	END	END
1.1700000e+02	1.4025764e+00	1.2600000e+02	1.1545591e+00	1.1400000e+02	1.4736141e+00	1.1500000e+02	1.4500543e+00	1.1400000e+02	1.4728540e+00	1.1300000e+02	1.4965135e+00	1.1300000e+02	1.4967288e+00	1.1400000e+02	1.4733948e+00	END	END
1.1800000e+02	1.3771136e+00	1.2700000e+02	1.1249441e+00	1.1500000e+02	1.4502008e+00	1.1600000e+02	1.4259540e+00	1.1500000e+02	1.4494772e+00	1.1400000e+02	1.4738151e+00	1.1400000e+02	1.4740204e+00	1.1500000e+02	1.4499942e+00	END	END
1.1900000e+02	1.3510530e+00	1.2800000e+02	1.0950439e+00	1.1600000e+02	1.4260941e+00	1.1700000e+02	1.4011905e+00	1.1600000e+02	1.4254056e+00	1.1500000e+02	1.4503942e+00	1.1500000e+02	1.4505898e+00	1.1600000e+02	1.4258999e+00	END	END
1.2000000e+02	1.3244270e+00	1.2900000e+02	1.0648956e+00	1.1700000e+02	1.4013244e+00	1.1800000e+02	1.3757949e+00	1.1700000e+02	1.4006697e+00	1.1600000e+02	1.4262800e+00	1.1600000e+02	1.4264663e+00	1.1700000e+02	1.4011416e+00	END	END
1.2100000e+02	1.2972689e+00	1.3000000e+02	1.0345366e+00	1.1800000e+02	1.3759227e+00	1.1900000e+02	1.3497988e+00	1.1800000e+02	1.3753004e+00	1.1700000e+02	1.4015030e+00	1.1700000e+02	1.4016805e+00	1.1800000e+02	1.3757510e+00	END	END
1.2200000e+02	1.2696122e+00	1.3100000e+02	1.0040042e+00	1.1900000e+02	1.3499209e+00	1.2000000e+02	1.3232349e+00	1.1900000e+02	1.3493297e+00	1.1800000e+02	1.3760941e+00	1.1800000e+02	1.3762630e+00	1.1900000e+02	1.3497595e+00	END	END
1.2300000e+02	1.2414916e+00	1.3200000e+02	9.7333622e-01	1.2000000e+02	1.3233514e+00	1.2100000e+02	1.2961365e+00	1.2000000e+02	1.3227901e+00	1.1900000e+02	1.3500853e+00	1.1900000e+02	1.3502458e+00	1.2000000e+02	1.3231999e+00	END	END
1.2400000e+02	1.2129418e+00	1.3300000e+02	9.4257039e-01	1.2100000e+02	1.2962475e+00	1.2200000e+02	1.2685373e+00	1.2100000e+02	1.2957149e+00	1.2000000e+02	1.3235090e+00	1.2000000e+02	1.3236616e+00	1.2100000e+02	1.2961053e+00	END	END
1.2500000e+02	1.1839983e+00	1.3400000e+02	9.1174459e-01	1.2200000e+02	1.2686430e+00	1.2300000e+02	1.2404717e+00	1.2200000e+02	1.2681379e+00	1.2100000e+02	1.2963984e+00	1.2100000e+02	1.2965434e+00	1.2200000e+02	1.2685096e+00	END	END
1.2600000e+02	1.1546971e+00	1.3500000e+02	8.8089681e-01	1.2300000e+02	1.2405725e+00	1.2400000e+02	1.2119750e+00	1.2300000e+02	1.2400938e+00	1.2200000e+02	1.2687874e+00	1.2200000e+02	1.2689250e+00	1.2300000e+02	1.2404473e+00	END	END
1.2700000e+02	1.1250744e+00	1.3600000e+02	8.5006493e-01	1.2400000e+02	1.2120707e+00	1.2500000e+02	1.1830823e+00	1.2400000e+02	1.2116175e+00	1.2300000e+02	1.2407104e+00	1.2300000e+02	1.2408409e+00	1.2400000e+02	1.2119535e+00	END	END
1.2800000e+02	1.0951669e+00	1.3700000e+02	8.1928676e-01	1.2500000e+02	1.1831734e+00	1.2600000e+02	1.1538299e+00	1.2500000e+02	1.1827445e+00	1.2400000e+02	1.2122025e+00	1.2400000e+02	1.2123263e+00	1.2500000e+02	1.1830636e+00	END	END
1.2900000e+02	1.0650116e+00	1.3800000e+02	7.8860009e-01	1.2600000e+02	1.1539165e+00	1.2700000e+02	1.1242541e+00	1.2600000e+02	1.1535108e+00	1.2500000e+02	1.1832992e+00	1.2500000e+02	1.1834164e+00	1.2600000e+02	1.1538137e+00	END	END
1.3000000e+02	1.0346458e+00	1.3900000e+02	7.5804245e-01	1.2700000e+02	1.1243361e+00	1.2800000e+02	1.0943916e+00	1.2700000e+02	1.1239529e+00	1.2600000e+02	1.1540364e+00	1.2600000e+02	1.1541473e+00	1.2700000e+02	1.1242402e+00	END	END
1.3100000e+02	1.0041070e+00	1.4000000e+02	7.2765118e-01	1.2800000e+02	1.0944694e+00	1.2900000e+02	1.0642794e+00	1.2800000e+02	1.0941074e+00	1.2700000e+02	1.1244504e+00	1.2700000e+02	1.1245553e+00	1.2800000e+02	1.0943797e+00	END	END
1.3200000e+02	9.7343290e-01	1.4100000e+02	6.9746345e-01	1.2900000e+02	1.0643531e+00	1.3000000e+02	1.0339549e+00	1.2900000e+02	1.0640116e+00	1.2800000e+02	1.0945781e+00	1.2800000e+02	1.0946773e+00	1.2900000e+02	1.0642693e+00	END	END
1.3300000e+02	9.4266123e-01	1.4200000e+02	6.6751605e-01	1.3000000e+02	1.0340246e+00	1.3100000e+02	1.0034556e+00	1.3000000e+02	1.0337026e+00	1.2900000e+02	1.0644565e+00	1.2900000e+02	1.0645502e+00	1.3000000e+02	1.0339465e+00	END	END
1.3400000e+02	9.1182989e-01	1.4300000e+02	6.3784540e-01	1.3100000e+02	1.0035216e+00	1.3200000e+02	9.7281933e-01	1.3100000e+02	1.0032183e+00	1.3000000e+02	1.0341228e+00	1.3000000e+02	1.0342112e+00	1.3100000e+02	1.0034487e+00	END	END
1.3500000e+02	8.8097674e-01	1.4400000e+02	6.0848761e-01	1.3200000e+02	9.7288162e-01	1.3300000e+02	9.4208378e-01	1.3200000e+02	9.7259623e-01	1.3100000e+02	1.0036147e+00	1.3100000e+02	1.0036980e+00	1.3200000e+02	9.7281379e-01	END	END
1.3600000e+02	8.5013980e-01	1.4500000e+02	5.7947826e-01	1.3300000e+02	9.4214261e-01	1.3400000e+02	9.1128707e-01	1.3300000e+02	9.4187433e-01	1.3200000e+02	9.7296989e-01	1.3200000e+02	9.7304833e-01	1.3300000e+02	9.4207948e-01	END	END
1.3700000e+02	8.1935686e-01	1.4600000e+02	5.5085254e-01	1.3400000e+02	9.1134250e-01	1.3500000e+02	8.8046700e-01	1.3400000e+02	9.1109049e-01	1.3300000e+02	9.4222617e-01	1.3300000e+02	9.4230002e-01	1.3400000e+02	9.1128385e-01	END	END
1.3800000e+02	7.8866553e-01	1.4700000e+02	5.2264512e-01	1.3500000e+02	8.8051921e-01	1.3600000e+02	8.4966165e-01	1.3500000e+02	8.8028282e-01	1.3400000e+02	9.1142154e-01	1.3400000e+02	9.1149092e-01	1.3500000e+02	8.8046473e-01	END	END
1.3900000e+02	7.5810355e-01	1.4800000e+02	4.9489000e-01	1.3600000e+02	8.4971076e-01	1.3700000e+02	8.1890881e-01	1.3600000e+02	8.4948915e-01	1.3500000e+02	8.8059384e-01	1.3500000e+02	8.8065904e-01	1.3600000e+02	8.4966022e-01	END	END
1.4000000e+02	7.2770816e-01	1.4900000e+02	4.6762064e-01	1.3700000e+02	8.1895494e-01	1.3800000e+02	7.8824627e-01	1.3700000e+02	8.1874752e-01	1.3600000e+02	8.4978116e-01	1.3600000e+02	8.4984225e-01	1.3700000e+02	8.1890810e-01	END	END
1.4100000e+02	6.9751644e-01	1.5000000e+02	4.4086987e-01	1.3800000e+02	7.8828955e-01	1.3900000e+02	7.5771171e-01	1.3800000e+02	7.8809565e-01	1.3700000e+02	8.1902128e-01	1.3700000e+02	8.1907856e-01	1.3800000e+02	7.8824621e-01	END	END
1.4200000e+02	6.6756529e-01	1.5100000e+02	4.1466975e-01	1.3900000e+02	7.5775224e-01	1.4000000e+02	7.2734237e-01	1.3900000e+02	7.5757110e-01	1.3800000e+02	7.8835201e-01	1.3800000e+02	7.8840554e-01	1.3900000e+02	7.5771219e-01	END	END
1.4300000e+02	6.3789111e-01	1.5200000e+02	3.8905171e-01	1.4000000e+02	7.2738034e-01	1.4100000e+02	6.9717556e-01	1.4000000e+02	7.2721142e-01	1.3900000e+02	7.5781089e-01	1.3900000e+02	7.5786096e-01	1.4000000e+02	7.2734338e-01	END	END
1.4400000e+02	6.0852993e-01	1.5300000e+02	3.6404637e-01	1.4100000e+02	6.9721103e-01	1.4200000e+02	6.6724801e-01	1.4100000e+02	6.9705373e-01	1.4000000e+02	7.2743535e-01	1.4000000e+02	7.2748208e-01	1.4100000e+02	6.9717693e-01	END	END
1.4500000e+02	5.7951742e-01	1.5400000e+02	3.3968347e-01	1.4200000e+02	6.6728109e-01	1.4300000e+02	6.3759625e-01	1.4200000e+02	6.6713482e-01	1.4100000e+02	6.9726259e-01	1.4100000e+02	6.9730610e-01	1.4200000e+02	6.6724968e-01	END	END
1.4600000e+02	5.5088872e-01	1.5500000e+02	3.1599206e-01	1.4300000e+02	6.3762707e-01	1.4400000e+02	6.0825646e-01	1.4300000e+02	6.3749129e-01	1.4200000e+02	6.6732931e-01	1.4200000e+02	6.6736984e-01	1.4300000e+02	6.3759822e-01	END	END
1.4700000e+02	5.2267843e-01	1.5600000e+02	2.9300022e-01	1.4400000e+02	6.0828507e-01	1.4500000e+02	5.7926416e-01	1.4400000e+02	6.0815918e-01	1.4300000e+02	6.3767213e-01	1.4300000e+02	6.3770974e-01	1.4400000e+02	6.0825861e-01	END	END
1.4800000e+02	4.9492061e-01	1.5700000e+02	2.7073511e-01	1.4500000e+02	5.7929075e-01	1.4600000e+02	5.5065459e-01	1.4500000e+02	5.7917428e-01	1.4400000e+02	6.0832703e-01	1.4400000e+02	6.0836196e-01	1.4500000e+02	5.7926649e-01	END	END
1.4900000e+02	4.6764874e-01	1.5800000e+02	2.4922304e-01	1.4600000e+02	5.5067927e-01	1.4700000e+02	5.2246249e-01	1.4600000e+02	5.5057168e-01	1.4500000e+02	5.7932979e-01	1.4500000e+02	5.7936215e-01	1.4600000e+02	5.5065703e-01	END	END
1.5000000e+02	4.4089556e-01	1.5900000e+02	2.2848924e-01	1.4700000e+02	5.2248526e-01	1.4800000e+02	4.9472183e-01	1.4700000e+02	5.2238607e-01	1.4600000e+02	5.5071551e-01	1.4600000e+02	5.5074537e-01	1.4700000e+02	5.2246499e-01	END	END
1.5100000e+02	4.1469321e-01	1.6000000e+02	2.0855799e-01	1.4800000e+02	4.9474284e-01	1.4900000e+02	4.6746618e-01	1.4800000e+02	4.9465165e-01	1.4700000e+02	5.2251887e-01	1.4700000e+02	5.2254641e-01	1.4800000e+02	4.9472439e-01	END	END
1.5200000e+02	3.8907304e-01	1.6100000e+02	1.8945256e-01	1.4900000e+02	4.6748552e-01	1.5000000e+02	4.4072831e-01	1.4900000e+02	4.6740180e-01	1.4800000e+02	4.9477392e-01	1.4800000e+02	4.9479929e-01	1.4900000e+02	4.6746874e-01	END	END
1.5300000e+02	3.6406571e-01	1.6200000e+02	1.7119515e-01	1.5000000e+02	4.4074607e-01	1.5100000e+02	4.1454038e-01	1.5000000e+02	4.4066942e-01	1.4900000e+02	4.6751416e-01	1.4900000e+02	4.6753746e-01	1.5000000e+02	4.4073084e-01	END	END
1.5400000e+02	3.3970100e-01	1.6300000e+02	1.5380685e-01	1.5100000e+02	4.1455662e-01	1.5200000e+02	3.8893378e-01	1.5100000e+02	4.1448665e-01	1.5000000e+02	4.4077241e-01	1.5000000e+02	4.4079375e-01	1.5100000e+02	4.1454288e-01	END	END
1.5500000e+02	3.1600785e-01	1.6400000e+02	1.3730770e-01	1.5200000e+02	3.8894865e-01	1.5300000e+02	3.6393920e-01	1.5200000e+02	3.8888493e-01	1.5100000e+02	4.1458082e-01	1.5100000e+02	4.1460031e-01	1.5200000e+02	3.8893625e-01	END	END
1.5600000e+02	2.9301438e-01	1.6500000e+02	1.2171657e-01	1.5300000e+02	3.6395273e-01	1.5400000e+02	3.3958647e-01	1.5300000e+02	3.6389491e-01	1.5200000e+02	3.8897079e-01	1.5200000e+02	3.8898855e-01	1.5300000e+02	3.6394158e-01	END	END
1.5700000e+02	2.7074778e-01	1.6600000e+02	1.0705121e-01	1.5400000e+02	3.3959872e-01	1.5500000e+02	3.1590453e-01	1.5400000e+02	3.3954641e-01	1.5300000e+02	3.6397293e-01	1.5300000e+02	3.6398906e-01	1.5400000e+02	3.3958873e-01	END	END
1.5800000e+02	2.4923429e-01	1.6700000e+02	9.3328163e-02	1.5500000e+02	3.1591561e-01	1.5600000e+02	2.9292157e-01	1.5500000e+02	3.1586847e-01	1.5400000e+02	3.3961707e-01	1.5400000e+02	3.3963168e-01	1.5500000e+02	3.1590670e-01	END	END
1.5900000e+02	2.2849917e-01	1.6800000e+02	8.0562823e-02	1.5600000e+02	2.9293156e-01	1.5700000e+02	2.7066475e-01	1.5600000e+02	2.9288921e-01	1.5500000e+02	3.1593224e-01	1.5500000e+02	3.1594542e-01	1.5600000e+02	2.9292363e-01	END	END
1.6000000e+02	2.0856673e-01	1.6900000e+02	6.8769366e-02	1.5700000e+02	2.7067369e-01	1.5800000e+02	2.4916039e-01	1.5700000e+02	2.7063584e-01	1.5600000e+02	2.9294652e-01	1.5600000e+02	2.9295835e-01	1.5700000e+02	2.7066669e-01	END	END
1.6100000e+02	1.8946019e-01	1.7000000e+02	5.7960764e-02	1.5800000e+02	2.4916837e-01	1.5900000e+02	2.2843376e-01	1.5800000e+02	2.4913470e-01	1.5700000e+02	2.7068716e-01	1.5700000e+02	2.7069774e-01	1.5800000e+02	2.4916218e-01	END	END
1.6200000e+02	1.7120175e-01	1.7100000e+02	4.8148744e-02	1.5900000e+02	2.2844084e-01	1.6000000e+02	2.0850918e-01	1.5900000e+02	2.2841105e-01	1.5800000e+02	2.4918039e-01	1.5800000e+02	2.4918981e-01	1.5900000e+02	2.2843541e-01	END	END
1.6300000e+02	1.5381251e-01	1.7200000e+02	3.9343789e-02	1.6000000e+02	2.0851542e-01	1.6100000e+02	1.8940991e-01	1.6000000e+02	2.0848924e-01	1.5900000e+02	2.2845152e-01	1.5900000e+02	2.2845985e-01	1.6000000e+02	2.0851070e-01	END	END
1.6400000e+02	1.3731250e-01	1.7300000e+02	3.1555142e-02	1.6100000e+02	1.8941537e-01	1.6200000e+02	1.7115818e-01	1.6100000e+02	1.8939251e-01	1.6000000e+02	2.0852484e-01	1.6000000e+02	2.0853217e-01	1.6100000e+02	1.8941128e-01	END	END
1.6500000e+02	1.2172060e-01	1.7400000e+02	2.4790777e-02	1.6200000e+02	1.7116292e-01	1.6300000e+02	1.5377511e-01	1.6200000e+02	1.7114313e-01	1.6100000e+02	1.8942364e-01	1.6100000e+02	1.8943004e-01	1.6200000e+02	1.7115942e-01	END	END
1.6600000e+02	1.0705452e-01	1.7500000e+02	1.9057401e-02	1.6300000e+02	1.5377919e-01	1.6400000e+02	1.3728075e-01	1.6300000e+02	1.5376221e-01	1.6200000e+02	1.7117010e-01	1.6200000e+02	1.7117566e-01	1.6300000e+02	1.5377621e-01	END	END
1.6700000e+02	9.3330830e-02	1.7600000e+02	1.4360449e-02	1.6400000e+02	1.3728422e-01	1.6500000e+02	1.2169399e-01	1.6400000e+02	1.3726981e-01	1.6300000e+02	1.5378538e-01	1.6300000e+02	1.5379015e-01	1.6400000e+02	1.3728172e-01	END	END
1.6800000e+02	8.0564916e-02	1.7700000e+02	1.0704078e-02	1.6500000e+02	1.2169690e-01	1.6600000e+02	1.0703259e-01	1.6500000e+02	1.2168484e-01	1.6400000e+02	1.3728949e-01	1.6400000e+02	1.3729353e-01	1.6500000e+02	1.2169483e-01	END	END
1.6900000e+02	6.8770953e-02	1.7800000e+02	8.0911638e-03	1.6600000e+02	1.0703499e-01	1.6700000e+02	9.3313128e-02	1.6600000e+02	1.0702506e-01	1.6500000e+02	1.2170134e-01	1.6500000e+02	1.2170472e-01	1.6600000e+02	1.0703330e-01	END	END
1.7000000e+02	5.7961900e-02	1.7900000e+02	6.5233046e-03	1.6700000e+02	9.3315072e-02	1.6800000e+02	8.0551006e-02	1.6700000e+02	9.3307056e-02	1.6600000e+02	1.0703865e-01	1.6600000e+02	1.0704145e-01	1.6700000e+02	9.3313716e-02	END	END
1.7100000e+02	4.8149481e-02	1.8000000e+02	6.0008173e-03	1.6800000e+02	8.0552541e-02	1.6900000e+02	6.8760425e-02	1.6800000e+02	8.0546245e-02	1.6700000e+02	9.3318038e-02	1.6700000e+02	9.3320295e-02	1.6800000e+02	8.0551483e-02	END	END
1.7200000e+02	3.9344188e-02	END	END	1.6900000e+02	6.8761587e-02	1.7000000e+02	5.7954364e-02	1.6900000e+02	6.8756826e-02	1.6800000e+02	8.0554880e-02	1.6800000e+02	8.0556646e-02	1.6900000e+02	6.8760797e-02	END	END
1.7300000e+02	3.1555250e-02	END	END	1.7000000e+02	5.7955194e-02	1.7100000e+02	4.8144560e-02	1.7000000e+02	5.7951786e-02	1.6900000e+02	6.8763360e-02	1.6900000e+02	6.8764701e-02	1.7000000e+02	5.7954632e-02	END	END
1.7400000e+02	2.4790645e-02	END	END	1.7100000e+02	4.8145104e-02	1.7200000e+02	3.9341528e-02	1.7100000e+02	4.8142880e-02	1.7000000e+02	5.7956468e-02	1.7000000e+02	5.7957429e-02	1.7100000e+02	4.8144743e-02	END	END
1.7500000e+02	1.9057075e-02	END	END	1.7200000e+02	3.9341822e-02	1.7300000e+02	3.1554520e-02	1.7200000e+02	3.9340623e-02	1.7100000e+02	4.8145939e-02	1.7100000e+02	4.8146565e-02	1.7200000e+02	3.9341629e-02	END	END
1.7600000e+02	1.4359971e-02	END	END	1.7300000e+02	3.1554598e-02	1.7400000e+02	2.4791520e-02	1.7300000e+02	3.1554271e-02	1.7200000e+02	3.9342277e-02	1.7200000e+02	3.9342616e-02	1.7300000e+02	3.1554546e-02	END	END
1.7700000e+02	1.0703488e-02	END	END	1.7400000e+02	2.4791423e-02	1.7500000e+02	1.9059254e-02	1.7400000e+02	2.4791818e-02	1.7300000e+02	3.1554725e-02	1.7300000e+02	3.1554818e-02	1.7400000e+02	2.4791485e-02	END	END
1.7800000e+02	8.0905007e-03	END	END	1.7500000e+02	1.9059012e-02	1.7600000e+02	1.4363169e-02	1.7500000e+02	1.9059995e-02	1.7400000e+02	2.4791272e-02	1.7400000e+02	2.4791162e-02	1.7500000e+02	1.9059166e-02	END	END
1.7900000e+02	6.5226043e-03	END	END	1.7600000e+02	1.4362813e-02	1.7700000e+02	1.0707435e-02	1.7600000e+02	1.4364254e-02	1.7500000e+02	1.9058637e-02	1.7500000e+02	1.9058360e-02	1.7600000e+02	1.4363037e-02	END	END
1.8000000e+02	6.0001137e-03	END	END	1.7700000e+02	1.0706996e-02	1.7800000e+02	8.0949422e-03	1.7700000e+02	1.0708773e-02	1.7600000e+02	1.4362263e-02	1.7600000e+02	1.4361856e-02	1.7700000e+02	1.0707269e-02	END	END
END	END	END	END	1.7800000e+02	8.0944467e-03	1.7900000e+02	6.5273000e-03	1.7800000e+02	8.0964454e-03	1.7700000e+02	1.0706314e-02	1.7700000e+02	1.0705812e-02	1.7800000e+02	8.0947513e-03	END	END
END	END	END	END	1.7900000e+02	6.5267752e-03	1.8000000e+02	6.0048383e-03	1.7900000e+02	6.5288874e-03	1.7800000e+02	8.0936775e-03	1.7800000e+02	8.0931131e-03	1.7900000e+02	6.5270946e-03	END	END
END	END	END	END	1.8000000e+02	6.0043093e-03	END	END	1.8000000e+02	6.0064336e-03	1.7900000e+02	6.5259603e-03	1.7900000e+02	6.5253628e-03	1.8000000e+02	6.0046278e-03	END	END
END	END	END	END	END	END	END	END	END	END	1.8000000e+02	6.0034869e-03	1.8000000e+02	6.0028862e-03	END	END	END	END
